# E: -5183556.398021183
1.011929277377991809e+02 -1.024744561559201372e+02 4.234517684234159560e+02
-4.812364996255637806e+01 2.681637494776234689e+02 5.579544593114511599e+02
1.460170368435800299e+02 -4.022159994267130401e+02 -1.534635337033340647e+03
-2.210929231972360753e+02 8.185872979058403587e+01 2.503403862330403626e+02
-8.113846419650261765e+00 1.729257486028199082e+02 1.879924333777211132e+02
2.639657644571304331e+02 -2.753159885630706185e+02 4.457095679848541749e+02
1.329792058628423135e+01 9.865432657438512054e-01 -2.421435660682916335e+01
-5.265589315955785565e+01 5.077001669915173920e+01 -7.963192676334445252e+01
-1.463423055154738428e+01 -2.795649650419636956e+01 -2.770347622437767754e+01
5.333887014542696647e+01 4.910395659024261050e+01 -4.258706249641669928e+01
5.558255352997127829e+01 -1.218858212476648077e+02 8.054248749458727730e+01
-9.281670040980067142e+02 -3.195943958499525479e+02 3.483741620046282605e+02
-1.843754779207051797e+01 2.905350425658236873e+02 -4.766458209452199526e+02
1.019751250675392157e+03 -9.523939132277914155e+01 2.617565973777244608e+02
1.175926313277140935e+03 4.737890131576538124e+02 -2.869819596341383203e+02
-8.917129926817719934e+02 4.490533273795439300e+02 1.909062925006544731e+02
-3.556514815992139233e+02 -9.622018228563276807e+02 1.975309934507520779e+02
-6.299228972748944670e+02 1.320257195281258191e+03 1.840443447299205673e+02
-3.780467814028270936e+02 -2.806056535696198466e+02 -5.890676048564188250e+02
7.738341447896185628e+02 -8.988703861763031000e+02 4.416379680764670184e+02
-1.041088561937427585e+03 2.250575265412375359e+02 4.752689206598360272e+01
5.633180310868916649e+02 -6.664537304668073148e+02 1.703233075492946114e+02
5.007185661938709131e+02 4.759360715373377388e+02 2.811995863002090914e+02
-5.195626884138757760e+02 5.650664405812439099e+02 -1.308695362573851526e+03
6.916119432182422315e+02 -3.339999776817923021e+02 1.722750355196704390e+02
-2.475761173381639253e+02 -3.542772144769123770e+02 3.907653932739631841e+02
9.217301490133780817e+02 -1.003275134519406492e+03 -6.419448490880664338e+01
-2.973967747491400360e+02 1.914543714496772964e+02 4.672047722983573976e+02
6.961815051385245852e+02 5.947705786751216692e+02 -8.767664074187911183e+02
1.715113552942499382e+02 -1.300230709501997524e+02 1.958758460936147685e+03
7.017658204246605180e+01 -4.483866622485619473e+02 -6.041984737095514220e+02
-3.877428069386470355e+01 8.342500937958468512e+02 -6.046211110165563696e+02
-2.434543009487284053e+03 1.486031029414146906e+04 3.919117373301178304e+03
-1.577059515252829840e+02 6.482901898030968368e+02 1.352737180213413922e+03
-4.212895791373412067e+02 3.371241839206655300e+02 6.364384389124606400e+01
-8.214005714679364019e+02 1.320278235696799129e+03 -3.840881550503678454e+02
5.288658154999824319e+02 -1.132874069930960331e+03 -6.505099429175480736e+02
1.493445632690261959e+02 -2.941568491599613253e+02 7.142142606469736847e+02
1.021594938062836064e+02 6.269916440508259257e+02 4.775247053836508258e+02
-2.939528700509863484e+02 -7.453867279644714472e+02 5.727661944046790268e+02
2.894182424905098969e+02 2.559383560577570620e+02 -6.280292181485384617e+02
-1.097976363985166245e+03 9.001966515306237397e+02 -1.395325976970451620e+03
-5.602549376299277810e+02 7.712014410933547026e+01 3.009050109454361746e+02
1.581107261655402908e+03 -7.794149850689952927e+02 5.181296679173386792e+02
-8.321790772766991040e+02 5.372591723101006664e+02 -8.196104076144340524e+02
1.088834774631919657e+02 -6.832108167719973153e+02 9.204887032995533218e+02
4.378701903579885766e+02 3.217320755870966877e+02 -2.450983878364312147e+02
1.186716954406922241e+03 -1.214025177661790076e+04 -3.824715944412503177e+03
1.717484309101602094e+02 -2.290265609215495715e+03 -9.329009147974772986e+02
1.340694047582291660e+03 -5.884797528173212413e+02 -1.271527434099074583e+02
5.429282173319352296e+02 4.229446274900747085e+02 -1.366999074549788020e+03
-3.379493179078343132e+02 -8.446829840290577067e+02 2.912814080827935754e+02
-2.065421983545833484e+02 3.582144136475438359e+02 7.205261107065668966e+02
5.244948317001858413e+02 -2.629426629525667281e+01 8.148046108485575587e+02
1.985983694704634672e+02 6.431186233583678131e+02 -5.107592925532055688e+02
-8.042338325093368212e+02 -5.992114972336669325e+02 -6.765406621535568092e+02
-1.659919638367279617e+02 8.648271843283571343e+02 -1.365338104249848357e+02
-3.603902531325121572e+02 -4.477461057872997117e+02 2.402137180812862880e+02
5.638980107696357891e+02 -6.403020083113228793e+02 -3.923373828362122140e+02
7.944139023849782006e+02 -3.943516212266217735e+02 -2.608483048298925766e+01
3.123035713984961035e+02 3.705714772854750549e+02 2.806016624873135470e+02
-1.136081738618392365e+03 5.156406946707957104e+02 -4.170986948452987235e+02
5.960000516235276109e+02 1.152729941693087085e+03 5.909940177176223415e+02
-1.077571745604594071e+03 -3.362728986572258236e+02 -9.946591528659209871e+02
7.265439966585299771e+02 -6.854946283565653857e+02 -3.823361913412835378e+01
-8.566965612146846070e+02 6.334605421667108658e+02 1.954999726459440126e+02
7.220679106260217850e+02 -1.731274980460037796e+02 7.251677692554765144e+02
7.066930216147468968e+01 -3.473935126195002567e+02 -1.150376526223689780e+03
-4.090206200138177906e+01 8.372010759410447918e+02 1.302605844481115810e+03
8.031355232611093697e+02 1.075469460969984539e+02 3.122982426846709245e+02
-6.291777436933922445e+02 -5.552939900569471092e+02 -1.208372450179082762e+03
-4.905020767553988890e+02 -1.545515743258051202e+02 -1.113336072044703769e+03
-1.930997434871052860e+02 7.824914716281534766e+02 -8.003357187553678642e+00
6.286688788170783937e+02 3.607701172143535917e+00 1.331257959798836055e+03
8.885198143338670889e+02 -3.184064001964788417e+02 9.569864201915929698e+02
-9.134153750208295151e+02 -3.547020968721997747e+02 -9.054186495639200984e+02
1.036723991115490833e+02 6.562511688549017208e+02 -1.249500113763359934e+02
-2.429703234779362049e+02 1.707554656907325352e+02 -7.206120995235131659e+02
6.507514101715275956e+01 3.440176508782658971e+02 1.042881960467936324e+03
6.035068476797356425e+02 -9.623204484902028071e+02 -2.040971374155105167e+01
8.358523163460074556e+02 -6.613400396317939567e+02 7.093728509098564246e+02
3.414406584386067607e+02 5.051197598454252784e+02 -8.610236595298397333e+01
-1.212604402388343487e+03 5.224045904910643685e+02 -4.407150901586251166e+02
-6.956001575403890911e+02 1.820250959206711912e+02 6.039805240394902057e+02
-3.181717416967703684e+02 -7.737410852419958474e+02 -6.569586916601310804e+02
3.855904204786507989e+02 5.576168284480618240e+02 -3.425431265434278885e+02
1.196850409802677177e+03 7.463588706022045471e+02 -4.004337383827777330e+02
-9.125716126708210822e+02 -3.837541819453235803e+01 -2.065320796931036966e+02
3.468251162199341309e+01 -6.978621851205588200e+02 2.609121000840287365e+02
3.796223924747016554e+01 2.450382559321469103e+02 -1.723227814387868875e+03
-1.309085580522050662e+01 3.470827961125260117e+02 8.121699808723853948e+02
-2.046251527010792586e+02 -4.686761285467782727e+02 5.941269769436385104e+02
-4.542008765241806714e+02 2.648903871637596694e+02 8.418781074153116606e+02
-1.587514480734495521e+02 -8.010104465981225985e+02 -5.254109004015726896e+02
5.455179739116858855e+02 4.314586908567680439e+02 -1.262700045432602849e+02
-6.273147348823328002e+02 7.658579743313046038e+02 1.070532275284267882e+02
5.539801012419214743e+01 -1.172488800798196962e+03 -6.607013917334993494e+02
6.691987861345791089e+02 -1.282705958051799833e+01 3.893673204427101098e+01
-9.103230181186008849e+02 5.332201618772290885e+01 7.963847422695280329e+02
1.997492355385682004e+02 8.402554064471077027e+02 -3.482120805968015276e+01
5.016275577550238154e+02 -1.150899324755845555e+03 -6.954235457476476086e+02
7.258029149098176731e+02 1.167671215992596672e+02 1.485651076128232944e+03
-3.059445968568937815e+02 -9.957053543702568277e+02 -7.606979937935461749e+02
-4.242398145698830092e+01 9.319891436380697769e+02 -3.719719954204661008e+02
-3.081350231915997711e+02 3.149173682030744317e+02 9.185323358947819088e+02
-6.500355843921097403e+02 -4.044246935614627319e+02 -1.061206260837833270e+03
7.887208496115749767e+02 5.921190817752601809e+00 -1.130096549205332224e+02
5.623404847829607434e+02 4.778891215596243569e+02 -1.017089109701881000e+02
-2.086389607428513955e+02 -6.134355722713194154e+02 7.349359523754042129e+02
-4.295337527279485812e+02 5.025853091576982123e+00 -5.327711187957863785e+02
-6.544596114647880313e+03 -4.933532799800579596e+03 1.617827939777215033e+04
-1.463557362618449133e+03 2.230944337618933787e+03 3.656377650649430507e+03
3.112735083508927687e+02 1.364067820036425189e+02 8.596163344715791936e+02
2.384379696585305282e+03 5.341345605134152720e+03 1.939095356214958429e+03
2.946358613352649627e+02 -3.134917506438366104e+02 4.384706188555879862e+02
9.994984248121585324e+02 1.724402117120674575e+03 -9.076424723817302720e+02
-8.280907883771247953e+02 8.065543810801525524e+02 8.947593457850133518e+02
-2.907112146107404556e+02 3.936695359917527526e+02 -3.988230651140278269e+02
1.380569314506232786e+03 -1.046742859768494100e+03 -5.153732601318996558e+02
-1.183158866729385863e+03 -8.808941824196471089e+02 3.841734538738932088e+02
5.283590585137321796e+02 2.336815953627136082e+02 -8.155331091909863517e+01
5.677157087955373527e+02 1.045174516765202725e+03 5.663465583235956728e+02
8.848205280755666990e+02 -7.832214252787370867e+01 6.757008390837421530e+01
-5.911578578347023267e+02 1.270253220205128173e+03 3.986219350593656827e+02
-5.672999355266078965e+02 -4.032806688420353112e+02 -4.138258976369465358e+02
9.861837317346453347e+01 -1.385333719773610483e+03 4.445826540180820530e+02
6.360105282798995177e+02 -5.221708010489161325e+02 -8.698428348802749497e+02
-3.126433432417298377e+02 -8.407103151502200262e+02 3.530603654956887567e+02
8.193543169415499960e+02 7.440237795414755055e+02 8.914137231695456194e+02
-1.201028349882410339e+03 -5.464187209674342967e+02 -6.705776828315390503e+02
2.534404735297406432e+02 -6.732182433999433897e+02 -6.211489837203442903e+02
-1.292465669401530249e+03 1.938494140315198706e+02 1.768454534434367815e+03
2.739936580549615428e+02 5.590146386183367895e+02 7.987391195811185298e+02
7.505384847127131707e+02 -2.560184936176023029e+01 2.169832332629096072e+02
2.537901966174613904e+02 3.708377622547483270e+02 -1.611709306158735444e+03
1.720217281250873498e+02 6.845846943173866350e+01 1.054182156268171639e+03
-4.473798315500131366e+02 -3.465367647556141151e+02 2.799740058283057351e+02
-6.865606916160555784e+02 -6.514890415310701428e+02 8.633306381925026471e+02
-2.068369835798622773e+02 -4.455527186440382934e+02 -3.506255374820462976e+02
5.679921005357980448e+02 9.163288462519185487e+02 2.352859136055644740e+02
-7.393490222852929037e+02 -3.150082174537429864e+02 1.299501597567141289e+03
1.044192653839650973e+02 1.925644662951323198e+02 -1.211999663051150037e+03
8.623043042371672300e+02 7.736597827175734210e+02 -5.672592537224694809e+01
-5.857822087421517381e+02 6.081143245460241076e+01 6.458813306962213119e+02
2.551435881693118972e+02 -4.035022104139993644e+02 -5.890414495554560972e+02
5.366585963326535875e+02 5.155600361978035835e+02 3.657186521623992235e+02
1.317054239951173429e+02 -1.262731632432488738e+02 7.187207420874796071e+02
-4.354086341295862326e+02 8.890066303773102163e+01 -9.612755621665957051e+02
-8.477050187789626534e+02 -2.682980375568860154e+02 5.206517970863534401e+02
-2.289194988818193224e+02 -2.982150727827907417e+02 6.769007002505992432e+02
2.474800043422064277e+02 1.149953516621613062e+03 4.122160796775460767e+02
-1.462956160474503342e+01 -5.251559112158523703e+02 -1.366275968545805881e+03
-4.938247667661078140e+02 -2.819983700613455539e+02 3.478029414115781037e+02
4.539888619868920614e+02 -3.218611971203400799e+02 -5.563379813372428089e+02
4.130026441307641107e+02 5.529683650416236560e+02 -1.600384427995034642e+01
5.212194559192407723e+02 -7.992765811880839237e+02 1.215851825797093170e+03
-4.571998216325610542e+02 8.214673559208411007e+02 -2.723734124765679212e+02
1.169949811626847378e+02 8.536091878731342319e+01 -7.821345948632477985e+02
-1.370311696868925083e+03 2.395529079941158841e+02 5.236204597438609198e+02
8.499482781954305892e+02 -8.693642534332144578e+01 -7.483267615019910863e+02
3.844785515639928235e+02 -3.418803451180482398e+02 3.510432852660314893e+02
-2.425431510370181059e+02 -2.201691765836247896e+02 -1.354541637518689186e+03
-8.770394040634311068e+02 3.104225590582475434e+02 1.448542141154612466e+02
6.309304694522539876e+02 -2.690821599652056193e+02 1.365589685314219423e+03
-8.193844736059942306e+02 6.030030353724760062e+02 -2.247240709533468248e+02
7.464042297098613972e+02 1.243659557441694687e+02 4.089004858328063960e+02
3.352587239994594626e+01 -8.566519650295631436e+02 -2.373927916299960543e+02
-6.478398388721008132e+02 -1.306004821911540432e+02 -1.679729368312875977e+02
1.036356068036172218e+02 2.983430161075459637e+02 7.705555934721242011e+02
9.421281304916669797e+02 -2.550170755879962030e+02 -3.977112061665820306e+02
4.002822137340768336e+02 -5.251164653446118109e+02 -1.244153060788315997e+03
-8.763885186581206881e+02 1.817723780018102957e+02 2.891790716291960734e+02
6.257590167282054381e+02 2.922239177726099228e+02 6.562318608945469123e+02
-1.064339033223389833e+03 8.469311869087435980e+02 -2.761977115561095388e+02
3.449753938272064602e+02 6.604497959807163170e+02 -1.936308726364420068e+02
-5.400511581657195848e+02 1.376964717823916544e+02 6.042188580355278873e+02
-1.277184736995049889e+03 -1.479690119213672915e+03 -1.895466234175979025e+03
5.570119921516733257e+02 -4.226856349142664158e+02 -1.987312058409458473e+02
1.568473060760547924e+02 1.109795884583565112e+03 -3.320878101028148990e+02
6.618156800427244661e+02 8.737883318095430241e+01 8.231906603039192305e+02
-9.049827023204150009e+02 5.655277541639144374e+02 -1.233426147048533181e+02
2.971006630456386119e+02 -5.457907168999356600e+02 -4.082685174197458764e+02
-2.531875971887781418e+02 -1.953861606604224832e+01 1.145830181862402924e+03
3.790379478022259150e+02 9.048522395236370812e+02 -5.502051831081926139e+02
-2.942680322385313616e+02 -7.991076811709667709e+02 -4.979299527374503214e+02
-6.390736134143493246e+02 8.164301167028407917e+02 2.687776101140892138e+02
1.481711601811762193e+02 -3.885297536486009449e+02 -7.858499752999093744e+02
4.917066608368202765e+02 -4.730245683708468505e+02 5.292658057923030128e+02
2.344640935634563732e+02 1.566589993054242086e+03 -5.038080603520847376e+02
1.974632270790107498e+02 -1.343361501131871591e+03 4.020326072351593893e+02
-6.299759716700864374e+02 -2.275431378794200441e+02 2.019627935893493316e+02
-1.094435399196226228e+02 4.799400919246223793e+02 -8.012739131864473165e+02
-1.376619444617080887e+02 5.365214355739848315e+02 6.384095625767507727e+02
8.229258382397742366e+01 -9.896911041542534804e+02 1.494602575643454827e+02
-4.804060001988463000e+02 -1.993666964811573905e+02 -5.702083492458544924e+02
1.606319029358035948e+02 6.928730392564293652e+02 4.280399897525382471e+02
6.087305852380054603e+02 -5.717248604517478725e+02 3.933528065321959843e+02
-5.556676206950193091e+02 9.920386798976924183e+02 5.702603269054081920e+02
4.883049276381786967e+02 -3.108165547730432081e+02 -1.003888691080939907e+03
2.750699345067841364e+02 -6.196840786077634675e+02 3.723196792918110418e+02
-3.880312599292554978e+02 7.517234884459345494e+02 8.488259988200222779e+02
-9.691920516681750541e+01 -8.730941785405309474e+02 -3.377807011238198811e+02
5.138515124264506539e+02 3.426519853587791431e+02 -3.919819822725251015e+02
5.644857754250489052e+03 2.485972152795833608e+03 -1.827437063870850398e+04
1.325671408544913220e+03 1.112800164523604735e+03 -1.964440641122636407e+03
9.820705851170555434e+02 -6.299989590188336024e+02 -8.402387419673760860e+02
8.331009557156005485e+02 -2.392859035999680657e+02 -1.579839590935065644e+03
-1.466562307115227668e+03 -4.517208675504007829e+02 1.679407648272138886e+03
4.284755303411157570e+02 5.433059683644024744e+02 1.450081364289839030e+02
-4.265156341641318249e+02 -9.417003585462664432e+02 6.314662898271863014e+02
4.259828863339257055e+02 1.729914793692155968e+02 5.898784498536233514e+02
5.994481729671272205e+02 7.615739873340799022e+02 -1.344682663121241603e+03
3.218133975428785476e+01 -5.743257020089440630e+02 4.341909013428494291e+01
-6.111959837510025864e+02 7.157343880915193495e+02 -4.274416800202762943e+02
6.713370755504364524e+02 -3.937260389049697551e+02 -6.431041678810179292e+02
5.210540018958763540e+02 6.792281350246837519e+02 7.135615747378403739e+02
3.068533268927970425e+02 -4.031453099345875444e+02 -1.152505808156601233e+03
-6.364454201494058907e+02 -4.794840497653293596e+02 4.044636276560009946e+02
-2.934432834953800921e+03 -3.254419768401601232e+02 -3.240718745020465121e+02
1.069571852613520605e+03 -1.196800391227042937e+01 -7.966964283276303149e+01
4.866909480737330682e+02 6.514817616606648016e+02 2.982719346752002139e+02
2.286807161580113075e+02 7.199082259760126590e+02 -4.029026283518027185e+02
6.923628944032377603e+02 -8.780272370228454974e+02 5.037231182318273426e+01
-7.987258024674238186e+02 -3.398858638129743781e+02 1.517548155325827111e+02
-1.817339286534707128e+02 1.373274010843255439e+02 2.802654541161621751e+02
-5.221946184517132679e+02 -3.596704005448739281e+02 3.712011520769567596e+02
6.539435958202923302e+02 -5.318970812465571498e+02 -4.575509686831197200e+02
3.738411842338873612e+02 1.248289033541607251e+00 6.708364457362879421e+02
1.338685294559242891e+02 -8.321386191478302408e+02 -2.204499912611710499e+02
-5.143305080634296473e+02 6.477038195635172997e+02 -2.567226171885801023e+02
-2.370329025456248360e+02 1.239650289585555811e+03 -5.256465295058549145e+02
-4.150347093589032283e+02 -7.006062399530187577e+02 4.906149480359373172e+01
7.425018440692597324e+02 -6.715789751933546370e+01 9.045232265183283289e+02
8.783547960969798396e+02 -5.978912990814202431e+02 -2.115736777308634657e+02
4.415217542911591408e+02 2.211827593044637865e+02 6.346027719206299480e+02
-1.117972882229131937e+00 -9.213289452731920619e+02 1.816743712597769616e+02
1.663337931526216948e+02 -5.316227921661618439e+02 9.251388064530674455e+02
8.473616486157295640e+02 -3.902707157039381514e+02 -6.272390780923815328e+02
-6.514397710994514910e+02 1.063315049395443111e+03 -3.293952379078123727e+02
-1.970485149159052298e+02 1.238765054359651572e+02 -1.314822025563287298e+03
6.132931543288932517e+02 4.341486433244699015e+02 8.397320926318673173e+02
-2.603105337222882198e+01 -5.810826527559835313e+02 2.487556486976718872e+02
-1.697517784438368835e+03 2.720617565188906042e+02 2.175264111723009592e+03
1.634742693137320884e+03 1.967959835620094395e+02 -1.630439337386886791e+03
-9.394069239893370593e+01 -5.989720507183837981e+02 -7.950498514093253277e+01
-5.014761398817980762e+02 1.044931584246372950e+03 -4.388303530813976749e+02
-7.131663882590584080e+02 -2.984023010431820353e+02 2.156519687449532796e+02
5.073311379751620507e+02 -1.238303017913312488e+03 1.281862720067896362e+02
-2.969371468777951151e+01 1.233241045715876112e+02 1.227880126173761710e+03
5.400023081568256202e+02 -2.015126113430858368e+02 -9.073509191708010349e+02
8.702943183928414328e+02 -9.353822346273312860e+02 -2.919877812388191956e+02
7.755842326253820147e+02 -3.057945145862552181e+02 -1.220395991437641896e+03
-1.103884183550475626e+02 -2.537715604151227922e+02 1.507063577153267488e+03
-6.638615650497670231e+02 4.485491598713409758e+02 -2.965593919598741763e+02
3.867854668162511871e+02 7.950344594955890898e+02 1.013553569984703699e+02
-7.017451309155309218e+02 1.369961541419078799e+02 2.056124753056277399e+01
5.197318660508792618e+02 -8.979377935193388112e+02 3.324205466070320369e+01
1.319145556009630695e+02 4.296088352800830421e+02 -8.709023051438930452e+02
-8.285125557421754365e+02 -6.338991205102107074e+01 4.867453243866486332e+02
5.293066047554724491e+02 -2.115219629952007097e+02 6.039304389917022036e+02
1.010853870648706163e+02 1.407837520981346131e+02 8.971768381377260084e+02
1.344997015518040371e+02 6.435845517129305335e+02 -7.926281452734515369e+02
-1.546180423938248509e+02 -7.970854505869046989e+02 5.557826458799564762e+01
7.676851325852293257e+02 3.203786488084217581e+02 -1.339101722011602078e+02
3.576168853920574975e+02 3.396307333806081488e+02 -7.290671118897594170e+02
-9.062124167048260688e+02 -4.434728190097696370e+02 1.019809450021806697e+03
-6.664929934366396083e+02 1.144797124648185672e+03 5.476664043978222480e+02
4.481386411994460559e+02 -1.704310811930704858e+03 -1.000850499270700169e+02
5.502193713122192094e+02 2.768292610021675273e+02 -8.171056888405394147e+02
-7.048580160319953620e+02 -1.430322273621921170e+02 4.966985828269106378e+02
-1.297622148100293487e+02 5.908275574469790854e+02 -2.475688296432921334e+02
5.244440844562203665e+02 -4.348654900197602728e+02 -2.822544439487384125e+02
7.820740234781907247e+02 -4.954185160375329815e+02 6.567354715262001719e+02
-8.780529173979226698e+02 -5.653904004552302922e+02 -8.147446667070552166e+02
3.501419327998385711e+02 8.764883876859603333e+02 -8.125442242451015318e+01
7.570231009691161717e+02 -1.658721560561527440e+03 -3.118371097788145221e+02
1.846419712601888463e+01 1.050293487402744177e+03 5.427760093969124000e+01
-7.526192241968863073e+02 4.768602975357485718e+01 2.803770036150933151e+02
2.336560240787011082e+02 1.141459780121300128e+03 2.104825272212278264e+01
4.725818403152640030e+02 3.210998366016969499e+02 -7.538540385456133919e+00
-8.260565294547216126e+02 -1.206574199268248776e+03 2.433532901214013862e+02
-2.055459587313467637e+03 -5.204070045971043328e+03 -1.666314969959396194e+03
-6.490033902211861232e+02 -8.182448059869194594e+02 -7.650829356128923564e+02
-1.580864501911173193e+03 -1.868056103838463287e+02 6.525892534005843117e+02
3.413664235940820504e+02 6.646110979285975873e+01 -5.209082290300470959e+02
-8.195549576847821527e+02 -4.271762418501264733e+02 9.211930058913776520e+02
4.752628551739560407e+02 7.973696377251009153e+02 -1.177983051037230666e+02
-9.851953133259851256e+02 4.199734565798947870e+02 8.805802268341323042e+02
2.876235838371656541e+02 -8.414751806614224279e+02 -3.616341678934591073e+02
9.746662261359485910e+02 3.211962363176588156e+02 -3.395627523100790199e+02
6.393872815243316836e+02 -3.839064668515487142e+02 2.121679067919533281e+02
8.105518935967407401e+01 2.718032704346089758e+02 -5.854874405765365282e+02
-9.084349040029590014e+02 -4.330148846087720926e+02 -1.211601138922883969e+01
-1.020311942852811285e+03 1.295385291353195271e+03 7.952822212841875853e+02
-3.415476766624773290e+02 -5.710938601042793152e+02 -3.310197880265251911e+02
1.073512963871737156e+03 -6.718042667841014008e+02 -4.290829023229761674e+02
1.288186198258215654e+03 1.101378831934263872e+03 -4.078319387061665857e+00
-2.522675796666145231e+02 -3.543519329190359599e+02 -5.887634373959986078e+02
-4.779087898031897339e+02 -7.519123133776424766e+02 5.746469846923287150e+02
-2.903036577261961497e+02 -4.495579954343024838e+02 7.196188002555097682e+02
-1.026326962086143624e+02 3.516938707290005937e+02 6.614143904763682258e+02
6.529808224988680649e+02 1.530358484173125362e+02 -1.205966337935119782e+03
-8.851399478702950319e+02 6.491050964514984400e+01 -1.046285611173202824e+03
1.064140211145091598e+03 3.134592310819029990e+02 2.891224092866576143e+02
-2.567866822422852806e+02 -1.836382581879007319e+02 6.904719941841569835e+02
-1.165805682347121319e+03 4.215952201610619454e+00 -4.226111849024695744e+02
1.719700647774318440e+02 -7.041068037479453778e+02 3.754635405675915081e+02
5.469599358600303276e+02 7.473917149631756729e+02 -6.186356033064144810e+01
-1.981123249428266320e+02 -5.981226753003364820e+02 -7.585330278743645067e+02
4.146569082399672652e+02 6.707057316423687610e+01 4.768190326937157124e+02
-1.279418783668835857e+02 5.179068118335012514e+02 9.223549634370370143e+01
9.636533354485786731e+02 -1.966706613394127601e+02 2.758279965818987307e+02
-5.130528536199238943e+01 -1.734510741460807139e+02 6.003928753774009692e+02
-1.061840111958201533e+03 3.066190254880483508e+02 -7.916590162341162795e+02
-1.866380171809470596e+02 2.045555925724528151e+03 -5.987234585444047070e+02
-5.124600528307250897e+02 -2.121513860895323944e+02 3.574370526183411698e+02
5.744970963965242845e+02 9.213503545181298477e+02 4.631253705879479412e+02
1.438539636219491967e+03 7.337387160210287220e+02 1.602000789210654830e+02
-6.017377964778538626e+02 -2.405482849998295336e+01 -9.034448087877110538e+02
-6.092953214587092816e+02 -9.516022059498528733e+02 7.526534887792779500e+02
3.944021728991432383e+02 -1.327822551426129621e+03 -7.853343418241742029e+02
7.626707511458663475e+02 2.757704371702241701e+02 7.130623769892791870e+02
-9.988909544648008705e+02 7.716590685464553871e+02 3.747718836644938278e+02
3.822022021951838724e+02 5.970586404863357757e+02 -6.552107488416013439e+02
9.088719941932097868e+01 -9.252902461599438766e+01 4.233131574460475122e+02
-6.631826574122769671e+02 -2.062157965086703086e+02 -5.011352176741533526e+01
6.290834388874799288e+02 3.602018037321283828e+02 8.283835498677900659e+02
2.179723899078467753e+01 -6.758174456831502539e+02 -7.993136885578844613e+02
-4.772720890332811337e+02 3.846976605391119506e+02 -2.092148443514413998e+02
8.258702682280986664e+02 3.466160792047428174e+01 8.490001917286424487e+02
-7.419949573223411790e+02 -5.184347247804428207e+02 2.591115173033444989e+02
7.709568306600418452e+01 4.870126816487444898e+02 -1.176839909180037466e+03
-6.483106938626990541e+02 1.930381927246636451e+02 3.097589065692815211e+02
1.515350223845767914e+02 -1.016873353643184032e+03 -8.265469773364168304e+02
6.793661445563432153e+02 4.374914588174639221e+02 3.672860879940796508e+02
1.928186301196355998e+03 9.445041923427375252e+01 -7.539159562340862522e+02
-1.025507570733611374e+03 7.207842286420303708e+02 5.234520312121561574e+02
-9.704863638017222911e+02 -5.860714496834394822e+02 -1.605014682885079651e+02
-2.887661438728450776e+02 1.097765737882094982e+03 -6.314836311739663870e+02
8.729497427322486374e+02 -5.781218986371575284e+02 -3.100791688347928812e+02
-5.580926192691855476e+02 -3.595518009252130014e+02 8.185339492601540314e+02
