# E: -5183525.491259695
1.430032579989053829e+02 1.655472690966439870e+02 -1.365528398722017585e+02
-3.291672253135566280e+02 -4.860054145546950366e+01 1.156760243944566469e+02
7.705203729287819669e+02 -2.542437195551785294e+02 4.135275440935527627e+02
-3.602776465761743339e+02 1.539958567589229688e+02 -9.054916655011510329e+01
-9.988630152887948270e+02 1.041952568084858740e+03 -4.244700894712664763e+01
-2.246810128237622735e+02 2.736011773746462268e+02 2.162049421385762926e+01
2.208424968725469029e+01 -1.238721916105946974e+01 -1.983958669353524584e+01
-1.392535870474669579e+01 -1.270126867090898282e+00 6.890556188233114554e+00
-3.537455986912974026e+00 -1.468996256387070076e+01 -2.891845694623524565e+01
7.007883156410974834e+01 -1.417803413763585318e+00 1.010143436598256272e+02
7.294672937478111407e+02 -1.024347844950118088e+03 -3.921647744434675928e+02
-9.422136416762375575e+02 -3.236957753349878431e+02 3.287602453835369829e+02
-1.306266108670636150e+01 2.930712114619769864e+02 -4.656256553457762379e+02
1.029195356501560582e+03 -9.305873823921082533e+01 2.733443558950467605e+02
1.256253398201960408e+03 4.784430417240013185e+02 -2.607495420078979578e+02
-8.866682459112258812e+02 4.592321701179529327e+02 1.641819608418635426e+02
-3.719061441228103604e+02 -9.834015465641248284e+02 1.815286154888864019e+02
-6.034379501609673753e+02 1.248152051366040723e+03 2.823659256849189205e+02
-4.024168081243127517e+02 -2.753849059135640118e+02 -5.963073448639504477e+02
7.911507898465748667e+02 -8.706732888375581751e+02 3.549593453638528899e+02
-1.050955431902033297e+03 2.261054242576073534e+02 3.672861096010573334e+01
5.676783155402240482e+02 -6.653240889946803236e+02 1.712649085991769482e+02
5.062657921941772656e+02 4.732833052577439048e+02 2.918651997078286513e+02
-5.359106849940346819e+02 5.705549290936011175e+02 -1.317111042375008310e+03
6.988926381588612458e+02 -3.331906659510958661e+02 1.743777055885377365e+02
-2.451353032835437489e+02 -3.599457767769644079e+02 3.984874245348765953e+02
8.960878029044612276e+02 -9.487035985483239529e+02 1.896895064297906330e+01
-2.742995323352806167e+02 2.195680621966263573e+02 4.370230257791718032e+02
7.001671882994536418e+02 5.894296673391864942e+02 -9.269792671422129615e+02
1.894033230736451969e+02 -8.372891289576452323e+01 1.992381530425187748e+03
8.105618680144898747e+01 -4.646496034450074148e+02 -6.761274542492209321e+02
-5.210936787480416399e+01 7.916683751634245709e+02 -5.988447213156016460e+02
-2.436936765598247348e+03 1.467424872718106781e+04 3.841847834380329914e+03
-1.374129652723665913e+02 6.318192691521630877e+02 1.361310037470318093e+03
-4.323109023029074933e+02 3.391646249854264283e+02 5.712720405537994139e+01
-6.341387140161417619e+02 1.413314843463379475e+03 -5.422412048658999311e+02
5.177916878110797825e+02 -1.084405650182332920e+03 -6.862834321641854558e+02
-1.255172665590124303e+01 -4.440882061653715596e+02 8.780984375295134896e+02
8.132304034127778891e+01 6.282541676397921719e+02 4.466970396957321441e+02
-2.816606509310839215e+02 -7.431002495391838920e+02 5.944333647549942725e+02
2.884792401524634329e+02 2.519250247746281275e+02 -6.203579981046973444e+02
-9.996157506829622434e+02 8.541499334477155116e+02 -1.346814971841860824e+03
-6.146795096012990598e+02 9.783017574116138348e+01 2.612480985759105465e+02
1.522365607742779275e+03 -7.274314846855106680e+02 4.897368379286285176e+02
-8.859745106542048916e+02 4.934521620310022172e+02 -6.517984063416886329e+02
8.673465984674805895e+01 -6.129463512923850885e+02 8.592410098901516449e+02
4.720917744982120894e+02 2.606660895423072475e+02 -4.141251949441488023e+02
1.156987799303344218e+03 -1.195967878243869563e+04 -3.766768697570402765e+03
1.471210797757335911e+02 -2.289313321649804038e+03 -9.482982824641680963e+02
1.438566856348488500e+03 -5.955916324500410610e+02 -9.018170612914751416e+01
5.316153221654276422e+02 4.312439626368125118e+02 -1.347929182441529974e+03
-3.433718391692334535e+02 -8.572605547415577121e+02 2.840028375497220168e+02
-1.927399688977671985e+02 3.634634190923169399e+02 7.004641483380569298e+02
5.200092092169239777e+02 -6.914400946843059614e+01 8.358583123695191262e+02
2.196916869419579825e+02 6.881342671195671983e+02 -5.328848706454217563e+02
-8.096301057334796951e+02 -6.012673038764896774e+02 -6.731407975874190015e+02
-1.858550896063543405e+02 8.654752668139202569e+02 -1.789896524686056978e+02
-3.599906447324252099e+02 -4.480599055742641781e+02 2.600935605524101106e+02
5.818376387419358480e+02 -6.434812018462871492e+02 -3.742114789961454449e+02
9.066411164359039958e+02 -3.536200557047789061e+02 -1.340181200285205705e+02
2.979650040952605536e+02 3.720081320885225864e+02 3.797048273068113531e+02
-1.152452981641812585e+03 4.811765712926580818e+02 -4.675255382475666579e+02
6.083119805245569296e+02 1.154668553040785810e+03 5.932698333798632575e+02
-1.088403500555163873e+03 -3.389367985559725867e+02 -9.883242392300097663e+02
7.237462640924262587e+02 -6.816085850239693400e+02 -4.284603479850539998e+01
-8.707952784325572111e+02 6.236572060290884565e+02 1.653484840887727785e+02
7.257587881924077919e+02 -1.705227660440443174e+02 7.277075103573208708e+02
7.877293339631700064e+01 -3.498912045773596446e+02 -1.135424217815979091e+03
1.238369888002485197e+01 7.316473762370947043e+02 1.037655040149561273e+03
7.161487601047623457e+02 9.066860994912546801e+01 3.879225411811427762e+02
-5.742521384621813922e+02 -5.225069976554112827e+02 -1.083504976545960062e+03
-5.215065296320781272e+02 -1.519478944588709339e+02 -1.109551629114931984e+03
-1.791311105443271856e+02 7.852784303108087443e+02 -9.071651835297320332e+00
6.437797996758522459e+02 3.295066564231047046e+00 1.328353744060299960e+03
7.927386791098554113e+02 -2.890608448293133392e+02 9.695546962786913809e+02
-8.481179489447737296e+02 -3.666627527052654045e+02 -8.862458799839299672e+02
1.556111115794422233e+02 6.450865440729153306e+02 -1.427557861226337650e+02
-1.023509462214372689e+02 1.544618677635044719e+02 -7.310211352794379991e+02
-4.290434160614614711e+01 3.567037659894839976e+02 1.027295185478992153e+03
5.538012373229116747e+02 -9.115839773070932779e+02 -3.711048311252704224e+01
8.166706198171192455e+02 -6.484016484936170173e+02 6.903422487200950854e+02
3.560708777183646703e+02 5.214459525452411981e+02 -6.689884221479226767e+01
-1.186947629855761534e+03 5.035242963501178224e+02 -4.350526469478015770e+02
-7.010583605385420469e+02 1.785088661893258859e+02 6.068875149220174308e+02
-3.181840315459461408e+02 -7.689801344595023238e+02 -6.581677998078580458e+02
3.888008967429153699e+02 5.576693747608820786e+02 -3.474194167650200029e+02
1.180685496092577523e+03 7.483259719624977606e+02 -4.155259038806397029e+02
-9.015635026007639681e+02 -3.864410182530615145e+01 -2.059007452454301017e+02
4.483880044951082056e+01 -7.051628287408716460e+02 2.738001269793797405e+02
6.905828526650994093e+01 2.383832667425113243e+02 -1.742516268986395517e+03
-2.802609044194415944e+01 3.464036153517314460e+02 8.113564215072268553e+02
-2.259340598514567944e+02 -4.657808087395454777e+02 6.116536719524106047e+02
-4.454948946982584630e+02 3.644700394108085675e+02 9.083246163200357159e+02
-1.109852764732490158e+02 -8.173073945427363469e+02 -5.073687079500120376e+02
5.102652078690795179e+02 3.444992487373802987e+02 -2.768801826678431439e+02
-5.772624983774156817e+02 8.441051485870913211e+02 -1.269711026281172828e+01
3.721292679280198001e+01 -1.219897703273181378e+03 -5.558401521464624011e+02
6.198625471765082011e+02 -2.615559228114423007e+01 6.147780117297379121e+01
-9.144185787082091110e+02 5.287366655864155973e+01 7.874595287467496973e+02
1.996930330896972521e+02 8.434895372482247922e+02 -3.590807045392108421e+01
5.034982944765984030e+02 -1.149347279788739343e+03 -6.866833731429811678e+02
7.438144536058745189e+02 5.391191402539305955e+01 1.520129893239888133e+03
-2.836613305528781552e+02 -9.864878568012546793e+02 -7.433848483169890642e+02
-1.098559884881005928e+02 1.079546933793577864e+03 -4.049640238509402366e+02
-3.331444389922829714e+02 2.781707307262227005e+02 8.894990946113734935e+02
-6.082958558873282300e+02 -3.777027938785759034e+02 -1.020548600311404698e+03
8.035284383444264904e+02 1.584574197402390894e+01 -1.123051128690896405e+02
5.895829841561516105e+02 5.071191268501631839e+02 -6.351731792156929401e+01
-2.192253510896204034e+02 -6.402358592695989046e+02 7.294171975576779232e+02
-4.438144038508631297e+02 -3.757908115493916235e+00 -5.588949871859501854e+02
-6.453696657421349300e+03 -4.900936656217531890e+03 1.589764538603874826e+04
-1.474016414570806091e+03 2.310501339400050711e+03 3.700359251320655858e+03
3.267542120511409394e+02 1.159458210825792435e+02 9.008811553617213121e+02
2.361365693256450413e+03 5.334480044231641841e+03 1.920005827895677612e+03
3.053938345116043251e+02 -3.235708612019007546e+02 4.550080771981271823e+02
1.008144397163588224e+03 1.737572493181082336e+03 -9.003341842420923058e+02
-8.209666989943887074e+02 7.741204076765477566e+02 8.858764340090197038e+02
-2.966175265525095597e+02 4.005484142256681253e+02 -3.978648262082703582e+02
1.370390548464795529e+03 -1.020338277434928386e+03 -5.055539336312318710e+02
-1.184194063988880998e+03 -1.059761475718372822e+03 1.466656915593998747e+02
6.531958021428911252e+02 2.882860147990208475e+02 5.816947157037781579e+01
5.620859837438997602e+02 1.132900353569799563e+03 5.908100509901314581e+02
8.013594280388103925e+02 -4.395037656353021021e+02 9.090647431176513749e+01
-2.661018104462980318e+02 1.241105565515546914e+03 1.758873370466952224e+02
-6.307446257572698869e+02 -2.970367054735073680e+02 -2.783682679781663296e+02
8.442601253503796954e+01 -1.382389247423816869e+03 4.607947102518048155e+02
6.535866078470967295e+02 -5.339693353919197989e+02 -8.845766855441640928e+02
-3.058100153259723584e+02 -8.392126356529814757e+02 3.491863168369476398e+02
4.341473525661309054e+02 1.009267363009487894e+03 1.234334679114290566e+03
-6.948638170630727018e+02 -4.837782851788839480e+02 -3.282387438055915254e+02
1.653106663928068087e+02 -7.434815277585328204e+02 -9.823387134780444967e+02
-1.277107359068102141e+03 1.936168496540970523e+02 1.730157489341388782e+03
2.678981112883946594e+02 5.583916588392189624e+02 8.093311217775292334e+02
7.490104705977170170e+02 -1.756487859324136735e+01 2.388227179450829567e+02
1.834422525830654536e+02 3.251781708322796476e+02 -1.665932763758822603e+03
1.994487583120869658e+02 7.977052557112234865e+01 1.092966393939866521e+03
-4.290500268915427569e+02 -3.158591651914019280e+02 3.196961188983873967e+02
-6.123694914585179276e+02 -6.615800278063984479e+02 8.864617099840751280e+02
-2.149731969112282854e+02 -4.438930071377910167e+02 -3.422955890463408650e+02
5.566597769845138828e+02 8.907806838398902300e+02 2.140103220652713674e+02
-7.583393889955556233e+02 -2.829952371049269004e+02 1.305025888245961369e+03
1.139125312669601584e+02 1.717443195278884218e+02 -1.215275386901307684e+03
8.606502538756481044e+02 7.656111419780702363e+02 -5.845775496710179198e+01
-5.647712812329211829e+02 1.021856799307609798e+01 6.618878944971828560e+02
2.743439465948944758e+02 -3.729378252645946077e+02 -5.847441782060361675e+02
5.355404525588151046e+02 5.168914178769522323e+02 3.577194224498462063e+02
7.145553371919180563e+01 -1.295680696211248346e+02 7.287688523444556949e+02
-4.011242018783943877e+02 9.001464596177547151e+01 -9.560080224635635204e+02
-8.114692430553783424e+02 -2.547210768438387447e+02 5.126844584344645455e+02
-3.428266692512282532e+01 -7.536104120448145522e+02 8.719336079418256986e+02
1.744855271546554718e+02 8.634809106502420946e+02 1.689487510339018002e+02
-7.656344208000642482e+01 -2.715144472726764207e+02 -1.013893607505094565e+03
-5.276211076727245199e+02 -2.506216237726624740e+02 3.754254345796053371e+02
4.611134466884840890e+02 -3.307712489139847776e+02 -5.609464414909349443e+02
4.502468471150502296e+02 5.470806308283822545e+02 -2.606754528901794998e+01
2.176976203963940293e+02 1.620519454479449806e+01 1.349641636328496816e+03
-6.744407287220408307e+02 5.711538966777027326e+02 1.345616325252711647e+02
5.529597777061588886e+02 -4.997729919280789090e+02 -1.268510287095711647e+03
-1.437436285045813293e+03 3.187231969166091972e+02 4.836777428454423102e+02
8.741732079662788237e+02 -1.271001536063059092e+02 -7.061008713198621081e+02
3.897001261608363052e+02 -4.064543388509345050e+02 3.492644104413964214e+02
-1.669117419379145986e+02 -4.674022773351303783e+01 -1.225419071529942585e+03
-8.465042890240622455e+02 3.146041381510347037e+02 1.699198959591376479e+02
5.452604468145583496e+02 -2.491598300656258687e+02 1.254243678952754181e+03
-8.266646956893533797e+02 6.087899156790939514e+02 -2.443605804410660767e+02
7.584077758322956697e+02 1.271632347128989835e+02 4.132057414671135120e+02
3.635286905974869853e+01 -8.636179165661825436e+02 -2.307415706077787263e+02
-6.372353421272420064e+02 -1.346271320064371650e+02 -2.164562545371096007e+02
9.680058833399442619e+01 3.169828176301847407e+02 8.275824945158159380e+02
9.229747296039557796e+02 -2.561021402836965990e+02 -3.843761549532183608e+02
4.282616061870085105e+02 -4.464720275656088120e+02 -1.268539557514818398e+03
-9.124086463301081267e+02 1.732377769510412122e+02 2.866678888893758312e+02
6.292255755318549291e+02 2.793970165925605897e+02 6.726816745879597192e+02
-1.083190964994605565e+03 8.493281278982626645e+02 -3.041119352034306758e+02
3.510036887127117211e+02 6.517323103641242596e+02 -1.896330380833323375e+02
-5.375015855700820566e+02 1.373212677694384070e+02 6.079058139330963968e+02
-1.300384487610161841e+03 -1.521843534634346270e+03 -1.950793249031265759e+03
5.651137307517786894e+02 -4.166086139240508714e+02 -1.709501233638468136e+02
1.595388343256953192e+02 1.134936549577240385e+03 -3.281809296764295141e+02
6.405356175778499619e+02 9.402910390648665384e+01 8.274663715759789966e+02
-8.949544302673303946e+02 5.626401011465524107e+02 -1.292217987173548863e+02
3.040123604522474352e+02 -5.512253037586449409e+02 -4.038091796415341719e+02
-2.542273991849699826e+02 -1.749533644191952009e+00 1.133128746368076008e+03
3.734307649134634630e+02 8.764065908770430724e+02 -5.379541831669918110e+02
-2.944101445252097733e+02 -8.063362788063625430e+02 -5.024128964161041608e+02
-6.299937525366193540e+02 8.030356815047646251e+02 2.770420242869296317e+02
1.466251199551063564e+02 -3.835863202513987744e+02 -7.827961660556815104e+02
4.869103097399358262e+02 -4.685989237435431960e+02 5.196656960584225544e+02
1.617269519270619753e+02 1.579467923611397964e+03 -5.644978117653121217e+02
2.324947167233883931e+02 -1.324112797341604164e+03 4.383707973497147350e+02
-6.083599796787702871e+02 -2.406518138851292861e+02 2.212485178803565304e+02
-3.156224316862831074e+02 4.767244210369789812e+02 -8.870705932823061630e+02
-1.054004665819588524e+02 5.531188090526807173e+02 6.715890333746210672e+02
1.509599324080297151e+02 -1.027389523557110124e+03 1.734000507124980288e+02
-4.607360834502568423e+02 -4.576827846828426800e+02 -7.218421271756584474e+02
1.146971351214782828e+02 8.368894496624989188e+02 5.063729105038107150e+02
5.796929528935482949e+02 -5.371952598799906582e+02 3.579377445189710443e+02
-5.558897770233419351e+02 1.004720911340426142e+03 5.497490047198947423e+02
4.781779211063533239e+02 -3.046618951418016650e+02 -9.945414422026414059e+02
2.902613129569503485e+02 -6.389537078361699969e+02 4.333134787689527343e+02
-4.177522900693001020e+02 7.505926690565217996e+02 8.492868808844955311e+02
-7.456669888454815975e+01 -8.675390255633747074e+02 -3.398887084876261611e+02
5.291770597331627641e+02 3.397536987993511275e+02 -3.916957643567319565e+02
5.562926921484649938e+03 2.391935687417960253e+03 -1.813474944014407447e+04
1.323096934832989291e+03 1.140063599425223629e+03 -1.938894029623536198e+03
9.751456302957913067e+02 -6.421808910320613677e+02 -8.154244024492544440e+02
8.957007383858856429e+02 -3.046918093326281678e+02 -1.499579022862366173e+03
-1.473595807411108126e+03 -4.214115348901476636e+02 1.654574435178158410e+03
4.172907034728552844e+02 5.532276226173296436e+02 1.335293046938106727e+02
-3.890206227531155605e+02 -8.991116631497071694e+02 5.521659289642609565e+02
4.268393931781986907e+02 1.623720865528514707e+02 6.146199196372433562e+02
5.581811403107817569e+02 7.202238101835097268e+02 -1.233972882368221008e+03
-3.484365155106449663e+01 -6.755164001636593412e+02 1.166149457747594198e+02
-5.438735851797426903e+02 7.457863234516787543e+02 -4.548290886319871333e+02
6.775228488563118390e+02 -2.872886786176304668e+02 -6.426867878973364441e+02
5.184169491631737401e+02 6.848219485310552272e+02 7.435649712204908610e+02
3.096286133438009074e+02 -3.976927749604397491e+02 -1.195388924187227531e+03
-6.239707921835050684e+02 -4.758596399195483855e+02 4.010212260059481650e+02
-2.966348074517943587e+03 -3.277831037670339356e+02 -3.155227781700041874e+02
1.102866459363545118e+03 -1.382874309789107770e+01 -7.737613629090321865e+01
4.923489732554108969e+02 6.467005874400554148e+02 2.984374129116972654e+02
2.924288784588442240e+02 6.795758855898282036e+02 -3.788110478358772752e+02
6.035992302565497312e+02 -8.247372395067100115e+02 9.123365948884642762e+01
-8.260854915980223723e+02 -3.423292516578351297e+02 1.520501041363380068e+02
-2.015160108646996378e+02 1.579602876290306313e+02 2.608927613557154928e+02
-5.036457610413087878e+02 -3.608477835820536939e+02 3.769051856740386484e+02
6.697847355966767964e+02 -5.383312433949922706e+02 -4.406776666987889257e+02
3.223571529247663534e+02 -1.011278433006589808e+02 6.311879501079442889e+02
1.956100698051583038e+02 -8.076063706334182370e+02 -1.778230496785625405e+02
-5.170276596371304549e+02 7.727913525569972535e+02 -2.603858240798659835e+02
-2.384876533931940799e+02 1.233224364470056344e+03 -5.391707301026294772e+02
-4.145436084302884296e+02 -6.937848101780390380e+02 5.894208751161098547e+01
7.506755425742109082e+02 -6.749460859079118791e+01 9.167443439857097474e+02
8.712276353407044098e+02 -6.038701278904279661e+02 -2.131695912082693951e+02
4.402555226808979683e+02 2.173305693143792041e+02 6.372757968683573608e+02
1.036188595168272286e+01 -9.166598646728123185e+02 1.861846941070544119e+02
1.903228849398531963e+02 -5.414483644560000357e+02 9.182476482271953273e+02
8.378326484908666316e+02 -3.826822747440555759e+02 -6.203695173396159817e+02
-6.631555030940365896e+02 1.072326017443629553e+03 -3.289906016485294913e+02
-2.049205728129385875e+02 1.161550563682076813e+02 -1.333548203038001702e+03
6.221443086987004563e+02 4.441934144725925080e+02 8.460611784923453342e+02
-2.611280510084764117e+01 -5.831029135601896769e+02 2.580259897379162339e+02
-1.679680868656519579e+03 3.058968736930266346e+02 2.056804071009945801e+03
1.554561745369743676e+03 1.834545900055088623e+02 -1.546967525210660369e+03
-7.069510709451718355e+01 -5.985968529028265266e+02 -4.196537575351220539e+01
-5.278878601099548860e+02 9.682922731092115782e+02 -4.829504678011508076e+02
-6.749201353960011147e+02 -2.752114682501432412e+02 2.204863778940610075e+02
4.977553905671407506e+02 -1.223182551558248633e+03 1.310852400757046610e+02
-8.350506040377702277e+01 1.674166003565059668e+02 1.214277104322059813e+03
5.533450279940818746e+02 -2.174684235750412142e+02 -8.923647373642452294e+02
9.227005142540047018e+02 -9.880556989051244727e+02 -2.980294488211786188e+02
7.744531748592333997e+02 -3.146110006158399983e+02 -1.226109609747862578e+03
-1.117719620326059129e+02 -2.524495768739107575e+02 1.499667480564493871e+03
-6.702489672781603076e+02 4.549290544089831201e+02 -2.869176080024647604e+02
3.859827607628477608e+02 7.877468600258611104e+02 9.264102822084281286e+01
-6.948099700080288130e+02 1.376729432866507068e+02 2.378937226884971778e+01
5.141204233879893764e+02 -8.942677712708483568e+02 4.146399395583379999e+01
1.120951504946428940e+02 4.506534076718545521e+02 -9.124636184103213736e+02
-8.359557573334141125e+02 -7.133291700867206941e+01 5.057790716293044397e+02
5.403089953277996074e+02 -2.124327221942220945e+02 6.175830488978239146e+02
2.826118564496839980e+01 6.105528133322800954e+01 9.612429580055147653e+02
1.365533306468024080e+02 6.812622694042669309e+02 -8.336749080027703940e+02
-5.736166052520154324e+01 -7.341215370252580215e+02 -3.452102854321276482e+01
6.488767542875053778e+02 5.112445420167356360e+02 -9.551449454994963162e+01
3.700626610852558542e+02 2.709751484382872491e+02 -8.286662746796251895e+02
-8.908573632096997699e+02 -5.635345747064770876e+02 1.044768529225927068e+03
-6.841339598827461259e+02 1.134255113865628118e+03 5.305909770199285731e+02
4.718286471561265785e+02 -1.711415602103820902e+03 -1.013379781796432155e+02
5.494988297587769921e+02 2.693151834265912612e+02 -8.001140556616642243e+02
-7.255211609033810873e+02 -1.488810922095980231e+02 5.129005987999885292e+02
-1.192943235285774790e+02 5.910081068187433857e+02 -2.584424320254992722e+02
5.338799102172569064e+02 -4.216539042223561182e+02 -2.957007418546413646e+02
7.030662803988998348e+02 -5.294165109567552463e+02 6.520470575248276646e+02
-8.238242647428586451e+02 -5.259441459085813904e+02 -8.017941600594676856e+02
3.726751521692389133e+02 8.889659820323176973e+02 -8.915758889780109087e+01
8.160342567686058146e+02 -1.637691849640288865e+03 -3.067339354062243615e+02
-2.371203616171492001e+01 1.012918483702075264e+03 5.384405238051041209e+01
-7.690210703120121707e+02 5.047708682839854077e+01 2.615137405847804644e+02
2.096469075214745317e+02 1.190897732079797152e+03 1.025431128407902008e+02
5.021150020768263289e+02 3.120712621694351583e+02 -2.829990146254764838e+01
-8.120262401996216113e+02 -1.304021926790735733e+03 1.642171881632021950e+02
-2.057438348389376642e+03 -5.197425118147489229e+03 -1.668940778418375430e+03
-6.484035243914933062e+02 -8.265373140942047030e+02 -7.665536115454073069e+02
-1.574849712846822513e+03 -1.873889898403493248e+02 6.566416514738290289e+02
3.691911470605964496e+02 5.712883801934650307e+01 -5.180674525918964264e+02
-8.357609294236011692e+02 -4.236907519992027460e+02 9.142303864454344193e+02
4.641590346526816120e+02 7.981859991200358309e+02 -1.186556306640384406e+02
-9.393393846688477424e+02 4.097167889382751014e+02 8.964693251384044288e+02
2.618646103220057739e+02 -8.574695350948837813e+02 -3.689204619945219292e+02
9.347962528488499174e+02 3.537653606095146870e+02 -3.505196282482683614e+02
6.287685020038280754e+02 -3.915604463216471345e+02 1.228411465979480113e+02
7.223436758146817738e+01 2.568405107474981151e+02 -5.807964747657526914e+02
-9.031107312211120188e+02 -4.374911202339341685e+02 3.958108085281129895e+00
-1.001734555778055892e+03 1.288979169384123452e+03 7.659357861765024609e+02
-3.361964749553226852e+02 -5.662304054764686043e+02 -3.188899658622087827e+02
1.041999470086742349e+03 -6.663781228966454364e+02 -4.115417932836327850e+02
1.269599485074189033e+03 1.101210300671362120e+03 1.767784561288920031e+01
-2.268730508769772314e+02 -3.620392039948128513e+02 -6.236612967006057033e+02
-4.672348956416682313e+02 -7.467650913176771610e+02 5.727581490173931797e+02
-3.028170618690648439e+02 -4.520988582727399034e+02 7.159760468448193933e+02
-9.460305806964733222e+01 3.544765426159593744e+02 6.605385060033179343e+02
6.613953399061534810e+02 1.488637755188568121e+02 -1.204381525985911139e+03
-5.231004101068199361e+02 -1.080441846961269192e+01 -9.219332871569628196e+02
1.301516195116678546e+03 3.666756882955319270e+02 2.577218613438083707e+02
-4.958329360672488519e+02 -3.797239075526936176e+02 7.273402960241822939e+02
-1.103110112611315799e+03 -3.937459839637534742e+01 -3.773952730267655511e+02
1.658841979689249513e+02 -7.077943528423077169e+02 3.585519344323992073e+02
4.821904138637809183e+02 7.656824735352124662e+02 -1.196979726913231161e+02
-2.104326895160824620e+02 -6.014440279665991511e+02 -7.546370554482142552e+02
4.210221590800986178e+02 7.040643656313741872e+01 4.668198213648520891e+02
-1.236145844637565148e+02 5.201899537241248481e+02 9.390594231068837416e+01
9.427644289078473321e+02 -2.220989088587243998e+02 1.207673551320928595e+02
-7.413276677923940383e+01 -1.928516382670823077e+02 6.579199321017508737e+02
-1.032881254700133923e+03 3.242215554446826218e+02 -6.790452793227107122e+02
-2.089367893286464266e+02 2.052363328736405947e+03 -5.960913651413013667e+02
-5.031039598123330734e+02 -2.170517351307261151e+02 3.570197603572390790e+02
5.902554735360673703e+02 9.254580107484403015e+02 4.614572213468306359e+02
1.448783031588345921e+03 7.179405904156192264e+02 1.666277812428813832e+02
-6.004776683001502988e+02 -2.188906739790282785e+01 -9.131387454673943012e+02
-6.124574019917621399e+02 -9.453847017299742674e+02 7.514773350977180826e+02
3.934470619908136655e+02 -1.360539009867736468e+03 -7.640817754017440393e+02
7.701610659443617806e+02 2.752426769521336496e+02 7.116996896249297606e+02
-1.021531025092804043e+03 7.889809851754826013e+02 3.726879595654593800e+02
3.737190306595801985e+02 5.982360498702471432e+02 -6.681649243330202808e+02
9.284196965291157255e+01 -9.194265614534069186e+01 4.284397937440705846e+02
-6.637832743578776444e+02 -2.075605013501389635e+02 -4.306155935290301784e+01
6.188382339318015966e+02 3.504325218215504378e+02 8.271119365208302270e+02
2.928764364826723110e+01 -6.708372747560636071e+02 -7.973102253198883318e+02
-4.747134632490576678e+02 3.897775452099186850e+02 -2.083074704784400240e+02
7.962484926933066163e+02 2.604312865519334963e+01 8.446512680697560427e+02
-7.204603370662014186e+02 -4.917688566704455866e+02 2.580261994229705351e+02
7.668470692522265608e+01 4.887718088909781500e+02 -1.174351606746813331e+03
-7.560581614412233193e+02 2.161232394645360273e+02 3.387344690123314876e+02
1.954144877736403032e+02 -1.019796035242171570e+03 -8.235260648428616150e+02
8.062978856771169376e+02 4.214339796672470015e+02 3.340092471270758665e+02
1.956269036853312173e+03 4.003608074409495288e+01 -7.436858961931145586e+02
-1.042458706867156707e+03 7.380662680360638888e+02 5.277637742693952987e+02
-9.941493119442075113e+02 -5.522413697666702319e+02 -1.646912113810280403e+02
-2.974867210056737008e+02 1.023642843930117692e+03 -6.858597997094750554e+02
8.322376888143777478e+02 -5.304755564462094526e+02 -3.125583322982324717e+02
-5.441858308194663323e+02 -3.299365814903984528e+02 8.375867907188769550e+02
