# E: -5183593.975165692
1.400919485729918676e+02 -3.216726247837613641e+02 4.055695507334203143e+00
-2.052377365519382124e+01 -2.164766670011928511e+02 2.287871999945521679e+02
-1.086756114522783747e+02 8.143112314171485195e+02 -7.450141918254889788e+02
-1.396805228623751987e+02 -1.359669476076170156e+02 1.678927997606808162e+02
3.640202160330301808e+02 -4.445658763728847163e+01 2.887319467511180733e+02
1.181822391947049056e+02 -2.017514848818948963e+02 4.868950644220007007e+01
-2.633545900009955432e+01 2.028664364123381247e+00 -1.774944364198234581e+01
-5.070752246493938742e+01 7.362412000793999312e+01 5.503015991214297742e+01
-2.317676016183335008e+01 1.510108868130131121e+01 1.204875626313759795e+01
7.034057107712906998e+01 -3.423860394757916481e+01 -8.445638995235164259e+01
-4.625045584746004010e+02 -4.096318808465620975e+01 4.137997008417248423e+01
-8.174953524272709728e+02 -1.214090510897092599e+03 9.183991251131794797e+02
5.823138420655850496e+02 1.427070459478185057e+03 -7.858038120140085425e+01
2.727026132199681001e+02 -3.710513689418011154e+02 -6.109574573528026349e+02
-4.124037655348010958e+02 -5.127301755769733518e+02 -7.775002553835691970e+02
1.692183347484807143e+02 -2.231025911210057302e+02 8.078450252536061953e+02
6.912889451952001991e+02 7.752076542717430812e+02 -4.261045453256176074e+01
-5.185133799034266531e+02 -7.523922049510393890e+02 5.946971114486284478e+02
4.241968797220459919e+02 2.281795836048041792e+02 -1.184779290773806451e+03
1.580382804741140319e+02 4.762779630185704036e+02 2.462376701942367845e+02
5.418912869296319741e+02 -7.571149918579515088e+02 5.136719290058606475e+02
5.437908121660608458e+02 1.172983349081373717e+03 -2.081615634500994076e+02
6.747336586498573752e+02 -5.811807885157192004e+02 -7.935025822439889680e+02
7.953225803243343535e+02 7.582706074628175656e+02 9.449181811160688085e+02
-6.955209176451392068e+02 -8.838964625451029633e+02 -3.541420381224934317e+02
2.496723957463941872e+02 1.522600747995480504e+02 -5.913968652877854311e+02
8.392681205791664070e+02 2.736803339569462423e+02 -1.534360756282347211e+03
-7.654291914152740901e+02 -8.049443791194595406e+02 5.501474050824044753e+02
-3.566242569347968470e+02 1.028907406778586164e+03 5.771913990294849555e+02
1.572136917910472903e+03 4.101029956793683482e+02 -6.313836875066460834e+02
-1.256302845316634830e+03 -7.302688227074982024e+02 1.112667690706719213e+03
-4.279963809013464697e+02 2.655565911678568227e+02 -2.904281193803958558e+02
1.851178106184683969e+01 -1.555576315862903130e+03 -1.669413113337959658e+03
5.578062615037958238e+01 -3.808260762000701334e+02 3.636130710408286291e+02
9.087061756370649164e+02 -1.387265321324973684e+02 1.832212465145346414e+01
-2.414922920526491907e+03 -8.718828422931430396e+03 -2.625110802552725545e+03
3.784038828763598303e+02 -2.212672079589137411e+03 -8.250325236285299297e+02
2.078783939874519433e+02 -1.516846247157120843e+03 -4.585390896376594014e+02
-1.134247286797152810e+03 8.589633609544678166e+02 -1.103719788600066977e+03
-6.637776215651300049e+01 -2.425593871942906503e+02 9.744144130655158733e+02
1.006121203968026634e+03 -5.516989441156209750e+02 5.370356206702713564e+01
1.010010587009595611e+03 -9.630164107467880967e+02 -4.378270446125470130e+02
-1.517586741498726951e+03 1.941081059609624617e+02 9.560044983208995006e+01
6.884209491143194555e+02 8.761758083097909093e+02 1.096958993697466838e+02
1.408367594716507938e+02 -6.997053028834476436e+02 1.260954674162139554e+03
-4.699102788511905828e+02 -3.907042805090256365e+02 -5.629937403375480471e+02
3.680417641248287737e+02 1.030171748355400723e+03 -9.026343581719431768e+02
5.629014062209234908e+02 8.501594788756963226e+02 -3.782674505830749467e+02
8.977789207745452416e+01 -5.811609768740979689e+02 3.381180439702299054e+02
-8.481393035769915514e+02 -2.631941069874523009e+02 -2.483915147294225960e+02
8.803247635180671296e+02 6.309756877738952880e+02 5.710572302889712546e+02
-5.468582276806953359e+02 1.198602830737205238e+02 2.315541979722698898e+02
-2.992359048687868608e+02 -6.429748604649990966e+02 -8.172700792487961508e+02
2.413489911198563220e+02 8.583082209011110535e+03 3.796159897349750736e+03
6.220694361921183599e+02 2.474475387418905484e+03 -4.678867908742097370e+02
7.379236169331293240e+02 1.373804738058738849e+03 1.386335506773520478e+02
7.660854733419198510e+02 -1.314734343403693401e+03 6.080428718810449027e+02
-9.546463038544734658e+00 -3.319399288421206506e+02 -5.386730354976027684e+02
-6.377266531236103901e+02 1.455108299741671090e+03 5.742169305984365479e+00
-2.536891324435140120e+02 8.642117991336647265e+02 -4.151651356230439092e+02
-4.528823613742318912e+02 -2.841625553764224605e+02 8.332592001452253498e+02
6.900136103739121154e+02 -5.820020564809199186e+02 -2.579388312290275280e+02
-6.647920725062972451e+02 1.113251326617869609e+03 -4.913285328449017015e+02
8.244837116763613949e+02 -1.234217407649622146e+03 1.393854439612248370e+03
2.638904400975900444e+02 2.570115009564656248e+02 -5.696261525485210768e+02
5.696485589254327806e+02 -1.066079745964667609e+03 -1.110955165187033487e+02
-1.306041305594620781e+03 1.658239480050832810e+02 -7.612833040890524217e+01
5.731649960413428744e+02 1.268021907673709165e+03 4.328151190762286546e+02
3.846873733018607027e+02 -1.815731808075861693e+02 -6.189648383139568750e+02
-7.501800310339901898e+02 2.827158053978760677e+02 -2.560242263108751359e+01
7.425195287615151756e+02 7.299176692957983050e+02 7.820499487248703190e+02
4.616877864255957142e+00 6.036276923648987491e+01 -8.003871417058949191e+02
-6.475181008233165869e+01 3.238955405369242726e+02 1.550063037190780619e+02
2.048439854269146281e+02 -6.874018947325907902e+02 7.178540003033945140e+02
7.503837008318909341e+01 -5.246669320679725388e+02 -9.994087095046130571e+02
-1.943223950861251410e+02 6.998946920510159089e+02 4.364174601719565771e+02
2.156847023976725808e+01 -2.372325033955305571e+02 9.288805271472756431e+02
-5.264689226742112851e+02 -8.132705103769251309e+02 -4.350995029342308271e+02
5.816612989049783522e+01 8.122078110218449183e+02 -4.486091743303898625e+02
6.314664713151717024e+02 1.592162676639847234e+02 6.701822978745195769e+02
-2.063854001741369188e+02 -7.558197545925454506e+02 -6.253446044870925107e+02
-4.507677152233598008e+02 2.153776639219475797e+01 4.289634774265325632e+02
7.273219939444429656e+02 5.996346510893445156e+02 1.075951459446072249e+02
-1.902914183229679850e+02 8.902177787966147662e+02 -1.221653235954878937e+03
1.040034206945172457e+02 2.294617471496188728e+02 1.502551841053764292e+03
2.601851522708636821e+02 -1.203744934078329607e+03 -2.440758540133147676e+02
-6.265862375344456723e+02 -4.669343014081589445e+02 -2.355045208012195701e+02
-2.464831873343232189e+02 9.513007308556971111e+02 -4.921569710989793123e+01
6.827824911418485954e+02 -2.962695483108401504e+02 3.496533991117715345e+02
8.595248913055618232e+02 1.052766010717835798e+03 -2.126719819761347878e+02
-7.097075559291035916e+02 -9.132949140744842680e+02 -5.733868137110798671e+02
-4.058099035586620857e+02 1.151727072043891837e+02 8.528398432884907834e+02
6.254844412970452368e+02 4.494690712648572344e+02 -5.061507245838012636e+02
-1.251568192171261984e+02 -7.746563546875103157e+02 1.725639857209706634e+02
-7.942339775844920950e+02 -8.603280602600412408e+01 4.235765104699978565e+02
-2.922671842255515458e+02 5.641186567417515789e+02 -1.308547161691788460e+03
8.678239502934997063e+02 -5.989639561406015673e+02 6.166469528029293770e+02
-7.883210911490085664e+02 -3.519662687626605901e+01 8.446721262741737064e+02
5.041873903745403140e+02 -5.350367108371094673e+02 1.060558352046963591e+03
-7.438436593909020758e+02 -1.252220554974305031e+02 -7.689258405891910115e+02
4.919052176005629349e+02 5.740430077343135054e+02 1.956362237274906235e+01
-7.789180589580190599e+02 -3.150151434450824581e+02 2.596009062865872465e+02
5.490865201431804508e+02 1.360736779487774015e+02 5.061972948246215651e+02
1.199407049141996424e+02 5.941368628519030359e+00 -7.905372491306886786e+02
1.982423686374550584e+02 -6.394054246800045860e+01 -8.612584494619692350e+02
-5.921211932736330255e+02 2.522088966412252660e+02 4.248224065011587527e+02
6.508928920033501981e+02 -3.404872464215053895e+01 4.455840918441768395e+02
6.147146603749769156e+02 -7.208986660127416144e+02 4.698725311464482388e+02
-3.472544812063720201e+02 -1.383986641042264694e+02 -5.751433081249385850e+02
-1.792962998065275144e+02 9.066079482296657943e+02 1.755002689119276056e+02
-8.637873618523483401e+02 -4.416056021473167448e+02 2.724972792037027602e+02
4.927674213230618534e+02 9.156946849822405738e+02 3.177253876450821508e+02
5.022660110021320179e+02 -2.277799294001990233e+02 -5.319574548839827912e+02
-1.252659917473341011e+03 7.151798266881721702e+02 1.237610452622541516e+03
3.836983662735638063e+02 -7.414445847874582114e+02 -2.984379342083153688e+02
7.311788477745438968e+02 3.433642086207105990e+02 -9.328188055714113034e+02
-6.867771002727647556e+02 1.104824363642207572e+03 -6.062985452779146271e+02
-4.035298512004598592e+02 -1.469550851219865137e+02 1.417674975690144095e+02
6.867576664961479764e+02 -3.785935356825532381e+02 6.916275116696789382e+02
-1.054492211082399990e+03 -1.419679333854810693e+03 -1.313765212948513579e+02
-5.371679519508113572e+02 6.612436529923603530e+02 4.472441941581415676e+02
1.128013784576384069e+03 9.459924898751381761e+02 -4.801482805888205121e+02
-2.158492790192247526e+02 1.214639818391480730e+03 1.232918028052535533e+02
3.094466574006849555e+02 -4.647379767770629542e+02 -7.113031254855765155e+02
-4.084149594553246629e+02 -8.907043673901575858e+02 2.400277714126279704e+02
-1.164106213741811189e+03 -1.468057009259536585e+02 -9.786099287817919503e+02
7.640538224156705382e+01 1.172906240685264123e+01 1.295972631603433229e+03
1.106395269593116382e+03 7.562305668950023119e+01 -4.006720217449567372e+02
3.423981969943743934e+03 -7.571746963734456585e+03 -5.182793607011437416e+03
9.202058001164496090e+02 -2.342923344761376029e+03 -1.228837508083895955e+03
7.011174505363146636e+02 -5.179183256650497214e+01 2.551025647118863731e+02
1.826247547325495361e+03 2.468676303926542914e+02 -5.518780517944941266e+02
-2.436634928487445677e+02 -6.495309717006592791e+02 5.799454859023312991e+01
-1.422586650942777169e+03 3.655127337565671155e+02 3.758922366625724862e+02
-2.120560983976243818e+01 -1.384366310025440271e+03 -1.167730768654573922e+03
-5.854672963765937084e+02 3.845979638967082792e+02 -3.337158608157658364e+02
8.087304284449929810e+02 1.138360606731879216e+03 8.300008964022156306e+02
-2.970902436781750566e+03 1.019747250211896608e+04 3.946327426878869574e+03
1.748609058919933545e+02 1.025084644129161006e+03 1.225461182254198775e+03
-1.411663591462811837e+03 3.690334562668115268e+02 1.683465101281801424e+02
-9.897913376212829917e+02 -7.366213774113090267e+02 -1.180005503126443728e+03
-2.471518753978074301e+01 -3.145773281413281666e+02 1.010266739663618409e+03
9.929283229116854272e+02 8.237273504922005714e+02 1.147317270652999355e+02
1.108490157655369330e+03 -2.560679022541964969e+02 -3.257063364191773758e+02
-6.870805911956533691e+02 2.440177847135509523e+02 5.717392171791450437e+02
-4.998865765884171424e+02 1.873876947252645664e+02 -4.399517843209172838e+02
-1.777892899384353768e+03 1.669034307678396374e+02 -1.463451109536131298e+02
1.217353988413565503e+03 -5.554483684995603880e+02 1.320915389681565784e+03
8.003280925396043131e+02 -1.386698193092126417e+02 -1.149532976855648258e+03
-8.594127297332100852e+02 2.060930044513411872e+02 2.093333328224980789e+02
9.936016390108873964e+01 -1.838893636143536128e+02 -6.992177777435541657e+02
6.486655988010445526e+02 -1.190064439700853143e+02 4.431430639038698018e+02
8.313845456628160946e+02 1.528859706040674382e+03 4.728589371557754362e+01
-3.070277818178734606e+02 -2.277901286379579915e+02 -1.577836762222881646e+02
-5.530088736798081754e+02 7.981081290723050188e+02 4.387014377917416823e+02
-1.118414563032270280e+03 -3.100987607244688888e+02 -8.755068493678584218e+01
5.406801901386988902e+02 -4.292217663945342565e+02 -5.559327679069317583e+02
6.292959551682724850e+02 7.315589515922421242e+02 6.688418630637113438e+02
-1.042101207397895905e+03 5.981763590200923772e+02 2.139770229546376754e+02
2.593994690928702198e+02 -1.266176410783730262e+03 3.568420429293726670e+02
1.372585322593036210e+02 7.509574548644182812e+01 -7.517923489968493413e+02
-4.883301223795371584e+02 3.793233249634493518e+02 -6.785318574230836930e+02
-2.171074990726119154e+02 -7.914942042113385696e+02 4.997838870401636768e+02
4.253925585543464081e+02 1.175533178456235532e+02 4.811368566855315407e+02
-4.707243018922116562e+02 -1.417819414846167376e+02 1.164197875219759482e+02
4.355583244107940573e+02 -4.264892802459638688e+02 -5.194309789802742898e+02
9.346605196886530393e+02 5.003288896460171031e+02 6.205223734048794313e+02
5.648627601245244705e+02 7.969219044334346336e+02 -2.886425861148405829e+02
1.271273496839469708e+01 -9.713809808438477376e+02 -1.384406729168417201e+02
-6.927023480527475385e+02 -5.405854068653209055e+01 2.972655605292545715e+02
2.958981140955980891e+02 -5.945868435365769074e+02 -9.246977341660519869e+02
5.017309162675613265e+02 3.599103308727157469e+02 -6.655076173590745725e+01
-6.538848549622562132e+02 -2.038759373939899149e+02 6.738925709641662252e+02
6.179350110795134015e+02 -5.258544848902790818e+02 3.361978221166760363e+02
5.596603819434075149e+02 7.933189822758313312e+02 3.336507902219323682e+02
-5.391358955193511520e+02 7.473807491565860346e+02 -5.274387925318479802e+02
4.960868988066359861e+02 -7.758006042402430467e+02 -4.339724705892972452e+02
1.161188495735394355e+02 5.642073363767397041e+02 9.432492540373314114e+02
-4.523556716731325764e+02 1.890579407434221935e+02 -5.749103779092600917e+02
-1.149919608405118652e+03 5.304661951789560135e+02 -6.790073647245434074e+01
5.783108673570596920e+02 2.218069652814592985e+02 1.218255882919636974e+02
1.317687341809579493e+02 -7.823597158409261283e+02 3.160639667581484602e+01
-5.938347838819209983e+02 3.234088495544563671e+02 -7.481867588852890094e+02
-3.085865826363182123e+02 -6.512656067099295569e+02 9.922764072001372142e+02
8.590653077010971401e+02 -5.051291494624548761e+01 -1.449227127277476939e+02
2.680203432668845380e+02 -3.490987047001956398e+02 1.224190127310350363e+03
-6.628134208599037720e+02 -1.644297670399764684e+02 -3.607065291619425125e+02
3.787566999089391970e+02 2.879813572169931604e+02 -6.424013083999848277e+02
-7.673170519050536313e+02 -4.898769528422740791e+02 -1.219890004577056608e+01
1.259216222473574362e+03 -1.447115530966639767e+02 -5.593581300438219159e+02
-2.225780148100377573e+02 5.806624092036561251e+02 4.263751794186102870e+02
1.563409074282572192e+03 7.397601123234670695e+02 7.028799373637355075e+02
-2.393593982215829783e+02 -1.051758596447404216e+03 -2.782616542950273129e+02
-7.204541149683516323e+02 1.004529383594310843e+03 -2.115127506329697837e+02
-1.551781981000826363e+03 -8.243257678591682236e+01 -1.563261594275432799e+03
5.122798730621985897e+02 -4.288813568489121621e+02 -3.353259202653478610e+02
-1.644389754385331415e+01 -6.196363733164969290e+02 1.185632522089705390e+03
-6.162671315525948330e+02 1.038557737186265058e+03 -1.342274647282561659e+02
-8.327840484172386937e+01 -9.496943095982142040e+02 -4.119230251810996890e+01
6.400438540571013846e+02 3.336398891174056303e+02 4.110009810986344974e+02
-9.896118161437585741e+02 9.475428634532363503e+01 5.249305109559325047e+02
4.951500436834592733e+02 -6.797324234192706172e+02 7.656298414093727445e+01
6.497392221832544692e+02 8.371645402214794558e+02 -3.333435886000210076e+02
-9.695534403577139528e+02 -6.646008146589089165e+02 1.043150424964246440e+03
8.215295900552354169e+02 1.004336394522348314e+03 -1.705000418565517180e+02
-1.957425679437226052e+02 3.228605342482607057e+02 -1.009439886621471032e+03
-1.368111822752623311e+03 -2.363575974809749027e+02 -3.176971896917088998e+02
4.861653246060728293e+02 1.295491333918948555e+02 -5.637431039111394284e+02
5.268866133997090628e+02 2.703262158392435595e+02 7.452768173897316046e+02
-1.175623230596594567e+03 3.807220624550470234e+02 -6.758457842130791278e+02
8.746012956903180111e+02 4.268054476771765167e+02 1.579315282591651908e+02
8.691801668303901351e+01 -1.017455664963026834e+03 7.335459231154676445e+02
2.676657776507893232e+02 -6.962282649151311489e+02 1.044719732592521723e+03
1.482843966832844558e+02 8.360926375564972659e+02 -5.851104419227478957e+02
-4.595633330025154351e+02 -1.093315218608486674e+02 -6.283284163045537980e+02
1.352096845521402031e+02 -4.564606916988447551e+02 6.404570280344821640e+02
-6.870140786439799285e+02 3.207281361439808052e+02 -3.709521154020742983e+02
6.870237254952583044e+02 1.127961249167513103e+02 -3.339551782732280003e+02
-8.469526243079105825e+02 6.004142995707205444e+01 4.681105420022269215e+01
4.791286643708982638e+02 -1.032090299844388994e+02 -1.049371204564828759e+03
6.043408955529364448e+02 7.835119975619366528e+01 8.210585883907604057e+02
-3.571716750920340928e+02 5.470245203621485643e+02 -6.306128572864989792e+02
7.824192506592578411e+02 -2.038243694413772005e+02 1.613729718777507571e+02
-8.619879496516863355e+02 1.791157358069730421e+00 8.386312605662783426e+01
-6.963734954887629556e+02 -2.610008763105450953e+02 7.382474193512275633e+02
-3.696365489235528230e+02 6.939106677769592579e+02 -6.210004442959697144e+02
1.169664924546967995e+03 -5.629722638990650694e+02 1.309900037657639018e+02
2.496927089044316403e+02 -5.392472143618955442e+02 -8.400360411897024733e+02
6.373300534077411612e+02 2.574768306000895279e+01 5.180733641371760996e+02
-7.809963423574366743e+02 2.563291800861048273e+02 8.053114391574817432e+01
-2.440370536972377380e+00 -9.239969796192838203e+01 -7.467656822226265376e+02
9.360281844906845095e+01 -7.128820778811921173e+02 4.079827331512816500e+02
-2.758435510799776580e+02 6.749752119893310010e+02 5.032303405449034130e+02
-4.680635111108890101e+02 -1.856115674640737097e+03 5.573103929796893681e+02
6.147006693122873457e+02 -3.240283954867622924e+02 1.709262598130823108e+02
5.349967528028683716e+01 -1.022570062279680769e+02 -5.934894456241891021e+02
-8.331505344089385972e+02 3.185639961234201110e+02 -1.084754697789808006e+03
-2.928255516526845668e+02 -1.642754797494742434e+02 7.030383763677830302e+02
8.458116158819855173e+02 -2.603466394962799200e+02 -4.189855319191556760e+01
-7.163347623404478099e+02 -1.104561834029332431e+03 -7.566623077114439866e+02
9.882048672940911729e+02 4.290525964634553588e+02 7.940883143507882096e+02
-3.078386886370160482e+02 5.834713244498775566e+02 -3.929638371411001430e+01
-2.803980177881261397e+02 3.137277278574694606e+02 -1.919308678120090406e+02
2.920491093756936039e+02 3.301643295997853897e+02 6.619484766374956735e+02
3.070809962868264620e+02 -6.101577518541024574e+02 -3.726419964783800651e+02
7.102232005437103908e+02 3.070239692319386904e+03 -3.519639292816344209e+02
-2.476502276164418390e+02 -4.293577695142920447e+02 6.119557959468272657e+02
-3.779398874674798208e+02 -2.113810045431719686e+02 -5.486160829505688525e+02
2.577985462667332683e+01 -1.956224384135538514e+02 1.165648326607752324e+03
4.691366063454933055e+02 1.256771113583609576e+03 -5.315158597847675992e+02
-3.757770497120765185e+02 -1.180479748954814113e+03 -3.770834394010140045e+02
-7.962858583426295809e+02 5.968862034482167473e+02 4.627294237228629648e+00
5.327229184288840997e+02 -2.006258571448079842e+00 -7.436509927041010997e+02
5.330914917278227705e+01 -8.062474505913336316e+02 1.048031393229573268e+03
-1.409897231812299196e+03 4.545683104229417637e+01 2.961108502358688099e+01
-2.611741014880975342e+01 -5.349574062207501584e+02 6.579025526572938816e+02
1.323065588024303224e+03 3.457165269655467910e+02 -1.973719439238124380e+02
2.822724930503792393e+02 -1.091899277383446133e+03 -6.683450416911449565e+01
5.731044246721480704e+02 5.851492715451950062e+02 -4.950791426092270520e+00
-3.384789327045330651e+02 6.416009448708120999e+01 1.414378376419917629e+02
-4.493764279601577982e+02 -5.953114362440587684e+02 -2.038031447438003241e+01
3.267330274243175268e+02 4.370496999984668207e+01 -6.910885398085882798e+02
-5.703012777047367976e+00 5.290487836710672127e+02 7.842507072179938632e+02
1.266691770557644503e+02 7.598636197827929664e+02 -1.006713057701087308e+02
4.537308341113550227e+02 -4.852516217041061282e+02 -2.511119310730840937e+02
-6.096216254502171523e+02 -2.986021751580327646e+02 6.060934477085148728e+02
-9.413134529161447972e+02 -1.404942911386888682e+03 -7.354437889536291095e+02
1.040423439358091628e+03 4.777152398950652241e+02 3.940476553872164232e+02
-4.745890536107336288e+02 1.050250287465885776e+03 5.115526851157730448e+02
-7.885696319239425520e+02 -9.354366157681884033e+02 2.607012655595132742e+02
-3.161749030986044886e+02 7.180273939600016320e+02 1.693097508863390317e+02
1.183217846353639970e+03 3.065891840251354097e+02 -9.042168626046658346e+02
-2.049896701706670228e+03 -1.693995047397746021e+03 2.333364582571842050e+02
8.613079117580375623e+02 -3.795932507113323595e+02 -4.614283009579324926e+02
3.649384942185307068e+02 4.653227263096878232e+02 1.140436410068910163e+03
-8.608528924270233347e+02 3.313564395107931091e+02 -1.368239986620416403e+03
-4.677420773917004340e+02 -4.005697690714561077e+02 7.850817578263511223e+02
-6.433966899882487951e+02 6.963568828540412596e+02 1.325416218077593840e+03
-1.020622966995971694e+02 1.022804084172340708e+03 -3.608461691930148163e+02
-4.962818306359202438e+02 -5.634836079538058584e+02 5.200649447763155422e+02
4.304765603578045443e+02 -5.217418450748117493e+02 -1.927298334510762743e+02
5.563465067439989298e+02 -4.984960579852781848e+02 -1.022011213451552521e+03
-6.586660863383399374e+02 -4.351468996577168014e+02 -8.570361183657881554e+01
6.863547424288631760e+01 6.746738400052411180e+02 1.022742675215638542e+03
-5.747140170527300143e+02 -4.242551230654133860e+02 -1.321465260256971987e+03
1.081148038512803396e+03 1.400273322542452377e+02 3.127141553981902575e+02
-6.143086055437121331e+02 2.176624017774994684e+02 2.966133865910098280e+02
-1.520662481421336452e+02 -1.099137237664686836e+03 -9.399625772153875687e+02
-5.584230786280795655e+02 9.978779412205760764e+02 4.578957010623569204e+02
6.529720399309120467e+02 -3.428259092278064202e+01 3.281795868786531400e+02
-4.029593270912621961e+02 -1.583430379663206168e+03 7.831314407359072050e+01
7.274564599578861817e+02 8.451433666514910783e+02 -7.656875067681094151e+02
-5.860832540814564027e+02 1.873289332383802730e+02 5.773140362014007678e+02
-1.819389907946812457e+02 -1.196080447142590174e+03 1.254817723353559359e+03
-3.216533858505779335e+02 -9.363095857604413652e+01 -1.104449071483056287e+03
3.713322469029123454e+02 9.928502597097086664e+02 3.982234561765145031e+02
-4.844002152071187197e+02 4.560926118172201882e+02 -3.622389547105030942e+02
-4.849661481640177385e+02 5.579486118666873153e+02 3.174894583625133464e+02
9.163910712832134777e+02 -9.970952273820987557e+02 4.249979990425344454e+02
-5.943870783058781626e+02 8.171807646450316724e+02 -8.302490869743188284e+01
9.329737617207390485e+02 -2.457580534989419903e+02 -4.880734833391137784e+01
-2.209506582079410180e+02 -5.830365018383062079e+02 1.860859403855347409e+02
1.613887388286518035e+04 1.576114808139939669e+03 -8.235892520599338241e+03
3.079112145792477349e+03 2.230712750955324736e+03 -1.516882491772669027e+03
9.433741054043911163e+02 4.134887136018019760e+02 -6.873001313204055123e+02
-1.547560154140547820e+04 -2.697918443467183351e+03 6.676876533789403766e+03
-2.647980981420521857e+03 -6.313293802747600125e+01 1.556494896211450396e+03
-1.953215541962316820e+03 -1.269926957076016379e+03 2.335508306306999657e+03
5.315055256215589452e+02 1.142420541224587680e+02 -9.763093614396991597e+02
-6.954576044471140222e+02 -3.598076756601193438e+02 1.294733767821134620e+02
3.152718330458428113e+02 5.279802665067625185e+02 7.556883937011662056e+02
-3.894180884509795533e+02 -5.643488782863449842e+02 8.047484997994286005e+02
7.701176628957809953e+02 -3.967917324079973582e+02 -7.336289253223558262e+02
-2.318565310522486698e+02 7.207371200529655653e+02 -3.325561997407614854e+02
-4.713239736540970739e+02 -6.445373168561361581e+02 1.069544335905959315e+03
7.356572163293278663e+02 4.643757797442507496e+01 -2.387291887096174321e+02
-8.244386565269766720e+01 7.553732534287921681e+02 -2.529300843540702317e+02
-5.664374180613680210e+02 -6.084703210370779516e+02 9.506358924557918044e+02
6.994148513326510965e+02 2.393177318318023481e+02 -1.040655121907544981e+03
-1.129322029675005865e+02 8.026465566647715377e+02 2.510773549345977962e+00
-5.568621041279959627e+02 -1.400908416124193991e+03 -4.059872811426110957e+02
7.936069238061804754e+02 1.077383667920090602e+03 1.036869375511924005e+02
-2.930842550202963253e+02 4.392026753207028378e+02 5.107242734740124206e+02
-1.599716627300902474e+03 -1.268863228803112406e+03 -6.950795820868759165e+02
-1.583461613723117694e+02 2.162130782931222654e+02 4.614572019085338752e+02
1.074334210059653742e+03 2.274642368627808651e+02 -9.609625329948725891e+01
-8.911902950245417969e+02 -4.234529581889432848e+02 1.328646474611060455e+02
7.943506103661535462e+02 -1.275360028853739180e+02 4.855831532244000073e+02
4.968096494467592947e+02 5.996262321036634830e+02 -9.438800869698238785e+02
7.219037645744093652e+02 -4.055123107474133803e+02 5.162679485763656828e+01
-1.122054532296890557e+02 1.202210359817968310e+03 -4.841843945637038615e+01
-5.399658166826724255e+02 -3.837726458675784897e+02 3.138817515052363092e+02
-4.590180778472765724e+02 -7.513561499370061938e+02 5.323005680615904112e+02
6.004023158089001981e+02 -4.658016600667700686e+02 8.017815009263142656e+01
3.275756502793806391e+01 1.185245526012374967e+03 -6.093807045521741657e+02
-8.843561816511503366e+02 -1.608281276685461876e+02 3.072814568927710965e+01
5.235352041670186054e+02 -4.907156145201985282e+02 2.748140771264006617e+02
6.480102342768002472e+02 6.883179855874768691e+02 -4.327973307914519410e+02
-6.900070140038908448e+02 -2.467904522183123106e+02 -2.805556425001660728e+02
3.293101744603876568e+02 7.319158505106761368e+02 -1.676923172727850613e+02
3.666719319924680462e+02 -3.595595557797038282e+02 6.067675092831902930e+02
