# E: -5183584.900318923
5.662510207610623780e+01 -5.940393442083731657e+01 -3.695092779036732367e+01
-2.700660243111173031e+02 4.385206604352784154e+01 5.617519186462222081e+01
9.827838079871310129e+02 -1.177371667182699468e+02 5.264728840719154590e+01
-9.112134777585811207e+02 1.528477380306287046e+02 6.333362734945210377e+02
-2.467862629814380284e+02 -3.309048282252715190e+00 1.455037981418028892e+02
-2.968233536608561849e+02 -1.013745807060503381e+02 -2.794100975752054410e+02
-9.558485521394784357e+00 9.630310305670025883e+00 3.393746632128300522e+00
6.050382103549579682e+01 -6.608241769852757841e+01 -6.276326920926500463e+00
-2.912817118143251705e+01 6.564899758396701479e+00 2.913032387109960908e+01
6.125253285517011363e+02 1.363346606438917092e+02 -7.187571022508122951e+02
-1.058825357262689693e+01 -6.071268053431674971e+00 -1.341812669265312365e+02
-6.430770674871808978e+02 -1.283904681926741205e+03 1.075917625807510149e+03
5.098493898041540433e+02 1.385314000433934780e+03 -1.282666293738083709e+02
2.510142115357394346e+02 -3.409554314120885010e+02 -6.366342079541944941e+02
-1.889055758662954645e+02 -4.694031357187561753e+02 -6.548377781401846960e+02
1.013366825598824050e+01 -3.429826627796492176e+02 8.467746140145912932e+02
5.965253358433371886e+02 8.212721212241185640e+02 -1.442559369105866267e+02
-5.208379317659249637e+02 -7.761049095431532123e+02 7.225348267277705645e+02
4.263255989100072156e+02 2.498043189221895943e+02 -1.282049715057959475e+03
1.572827346188981323e+02 4.845984015003460854e+02 1.849934085710198417e+02
5.454414667202355531e+02 -8.093738578686914025e+02 4.586660837009503666e+02
5.657923690507548145e+02 1.230169139363906652e+03 -1.515033117216335086e+02
6.738290647143820706e+02 -5.836056689934997621e+02 -7.999833617503486494e+02
8.034722717569059114e+02 7.642124406569714665e+02 9.529025095717548766e+02
-7.032688907052145169e+02 -8.848865132834823726e+02 -3.603479303175621453e+02
2.478561471329549590e+02 1.459636215355097306e+02 -5.982016081294840433e+02
7.999389262515301198e+02 2.588279329143254586e+02 -1.523444372785218548e+03
-7.380712843608273488e+02 -7.982588943589713608e+02 5.324484870173093896e+02
-3.338305922333635181e+02 1.051979525843258216e+03 5.874812371289433486e+02
1.358515463743971395e+03 3.480060874383696046e+02 -4.547651218390831218e+02
-9.512546260964812745e+02 -6.357873967142512583e+02 8.756497498735224099e+02
-4.103071821405854394e+02 2.794153414095451353e+02 -3.427478750498355566e+02
2.244624334362920592e+01 -1.526835093475322992e+03 -1.677192277300068554e+03
6.007578864432346677e+01 -3.961405613436446060e+02 3.654484719061895817e+02
9.024156349560346371e+02 -1.480448108970077783e+02 2.531781962842700651e+01
-2.396936737816775349e+03 -8.844076370654327548e+03 -2.664361671653370649e+03
3.693438353228873439e+02 -2.238795333962839777e+03 -7.964006783167968706e+02
2.021117632582571559e+02 -1.453707052058499357e+03 -5.079401438376757483e+02
-1.172144364350927844e+03 9.233022460623629968e+02 -1.128898572115575007e+03
-7.721717965770781689e+01 -2.808091620735916081e+02 9.408341448992025562e+02
1.085484421567234222e+03 -6.177380536694752209e+02 7.634214582983501884e+01
1.246881000514809557e+03 -1.035544343809289785e+03 -2.847938492254714902e+02
-1.669977588368903071e+03 2.357875589921134178e+02 1.291661761753819064e+02
5.851394003555229801e+02 9.973934154260969080e+02 -6.322147129285653477e+01
1.424546086655826969e+02 -6.407568584148458513e+02 1.236551733387946570e+03
-4.745052414991405385e+02 -4.030031629793005550e+02 -5.607395549658359641e+02
3.420663078160904433e+02 9.712334742077279088e+02 -8.808592296690565036e+02
5.570723815102122671e+02 8.574364700285736944e+02 -4.074706808303369030e+02
1.002415740194553138e+02 -5.811300466758284529e+02 3.685505861174661391e+02
-8.481658530039362631e+02 -2.617718287114361146e+02 -2.361687560477612635e+02
9.178839944356775504e+02 6.062714023205394369e+02 5.739167211891275429e+02
-5.782545840363459320e+02 1.321831962164303320e+02 1.870390907298991010e+02
-3.397940584240058115e+02 -6.451020110087732746e+02 -7.609915596163399414e+02
2.312131699479824931e+02 8.630096791971207494e+03 3.863315170257776572e+03
6.107686752061149491e+02 2.460698908360876885e+03 -4.490111937292786024e+02
7.397441878571946745e+02 1.420558736084606380e+03 1.343274041703399746e+02
7.729193303055295701e+02 -1.287351776892145608e+03 6.057776590021067022e+02
-1.125641645111576494e+01 -3.390274685274455351e+02 -5.385548111208810269e+02
-6.399484196833467422e+02 1.437875511295051638e+03 4.356304739686557959e+00
-1.851575986307967696e+02 8.447681019546632797e+02 -3.888108685623152496e+02
-4.520920989072810698e+02 -2.762328178284479350e+02 8.064667256212368329e+02
6.393340109919635097e+02 -5.972656741014235422e+02 -2.630336171616701222e+02
-6.431335284475635490e+02 1.098222508438324894e+03 -4.643259865285289720e+02
8.004623457801836821e+02 -1.206721928901115007e+03 1.360528577314841641e+03
2.647884034951460990e+02 2.551793584725151902e+02 -5.793358155869258326e+02
3.517090972255660972e+02 -1.275018147867310063e+03 -7.100825999216085904e+01
-1.041726887503338276e+03 2.412866996362451459e+02 8.655063635337988615e+00
5.055295327945646022e+02 1.028879957563558946e+03 1.803259910060658626e+02
3.803333518734288532e+02 -1.343388901903555279e+02 -6.661833276608292636e+02
-7.590643319907945852e+02 2.557078775101610972e+02 6.784928751438311423e+00
7.611308096949214814e+02 7.311304386641875226e+02 8.071090166919997273e+02
6.660748205008759726e+01 4.000750841834932459e+01 -8.522890268293587042e+02
-1.279052524995130966e+02 3.014499197296327111e+02 1.884409453042461564e+02
1.628976636205053410e+02 -6.508128253613928109e+02 7.254968176768848025e+02
8.706963498586941341e+01 -5.154446182076330842e+02 -9.839819770226363289e+02
-1.959257132889733555e+02 6.948145422340975301e+02 4.282488060414081019e+02
1.748395343620045850e+01 -2.386222091899691691e+02 9.196149313305422766e+02
-5.251907403391621756e+02 -7.848314410928098823e+02 -4.067190705878118138e+02
6.109726211942793839e+01 8.060367994397887514e+02 -4.507474514118066509e+02
6.332891961085247203e+02 1.514059407968296114e+02 6.530065046961569806e+02
-2.533376061158786285e+02 -8.778652635995512128e+02 -7.246659049294271426e+02
-3.794103227628108925e+02 1.855612458878128450e+02 4.802405392024404591e+02
7.261691060222136684e+02 6.243202863951280506e+02 1.773385723060937664e+02
-1.423332770986150422e+02 8.492975743678755407e+02 -1.220094933003409324e+03
1.014670137413997395e+02 2.429119451937394558e+02 1.514869975128995065e+03
2.327444045592982889e+02 -1.165566133519204186e+03 -2.438297186106032655e+02
-6.268008729565691510e+02 -4.395028970697783279e+02 -2.512819242566550599e+02
-2.406822134731891083e+02 9.326687502618455028e+02 -5.083832897801467965e+01
6.842508044631557595e+02 -3.105086625091367409e+02 3.596301628312385787e+02
9.832652279201406600e+02 9.949643399491080800e+02 -2.447586396199406522e+02
-7.428866793982086847e+02 -8.952739053975404886e+02 -5.758905756578559476e+02
-4.586408238451409716e+02 1.611158894869052745e+02 9.105464418784922600e+02
6.360504867149790016e+02 4.516035905398629779e+02 -4.246215450205285151e+02
-1.363928635328704502e+02 -7.795058023362510085e+02 1.371065202535308742e+02
-7.882974312187626538e+02 -8.488958258887018360e+01 4.056817952846224671e+02
-3.481289833955836457e+02 6.182705999746018506e+02 -1.274248289507936988e+03
9.004599396427133797e+02 -6.252748392177636561e+02 6.269209246171031964e+02
-7.662068233871747225e+02 -8.394326707592867365e+01 8.126951677833178564e+02
4.803665689916743418e+02 -5.430241995038887808e+02 1.068438975426716752e+03
-7.269546280743363695e+02 -1.197214836291212805e+02 -7.646341197962042315e+02
4.855209478834502193e+02 5.803250378383696670e+02 2.153982781765703791e+01
-1.024860495606577388e+03 -3.703395434445250203e+02 8.200988428468574511e+02
4.337633337207279283e+02 7.021167233055730605e+01 3.626516743002471230e+02
1.768898675556693263e+02 8.423437378562621092e+00 -1.183757066729708413e+03
2.106964466509513727e+02 -6.345227106045071253e+01 -8.590556107884940502e+02
-6.095625695324254139e+02 2.583023629409661339e+02 4.074593062356357223e+02
6.590556093250027061e+02 -3.334440947707403780e+01 4.309471243157945537e+02
7.702444157038803496e+02 -2.525410846004954806e+02 5.807415294698222397e+02
-4.261893269737017818e+02 -1.903918225428635083e+02 -6.420496860105255337e+02
-4.326702844989755476e+02 5.171436657043625473e+02 1.942684621649563326e+02
-8.167164793639046820e+02 -3.926704909229957252e+02 3.052009850435965177e+02
4.612412018051293785e+02 8.954210073629533326e+02 2.724929525299241959e+02
4.905932244469815942e+02 -2.486131638106325568e+02 -5.528336272477970397e+02
-1.351012884754319657e+03 7.319779671683327251e+02 1.243409676405891787e+03
3.973543966813830366e+02 -7.747893323397205450e+02 -3.031695560775517038e+02
7.575850815935109495e+02 3.666557780854563475e+02 -9.422704604717573602e+02
-6.822204275945456402e+02 1.102075372387574134e+03 -5.915143580290020964e+02
-4.034910587122069501e+02 -1.422373734661842093e+02 1.340911977959488297e+02
6.788755973595327760e+02 -3.752133522169470439e+02 6.865444299621738082e+02
-9.665629946783758442e+02 -1.364182432161566794e+03 -8.064708267870750547e+01
-5.420138565826925969e+02 6.335680410642704601e+02 4.143806706813658138e+02
1.075078257206795115e+03 9.200147696802032442e+02 -4.677404637539926853e+02
-1.636553561484787167e+02 1.163573703709120082e+03 6.427184378938883924e+01
2.935400090492206004e+02 -4.519907921760631666e+02 -6.837185417013223514e+02
-4.237784958100907033e+02 -8.756869550657914942e+02 2.506024306742937142e+02
-1.188972239671860507e+03 -1.435766263843767092e+02 -1.025505510986300578e+03
4.809984398203632594e+01 -7.154552354431441330e+00 1.381464136450249725e+03
1.096043588884165956e+03 4.749051099290319655e+01 -3.863397125364542148e+02
3.494146316134319022e+03 -7.832860598171420861e+03 -5.445901391016852358e+03
9.945128313565173812e+02 -2.358241180989647091e+03 -1.209040726986911295e+03
6.808712416999214838e+02 -9.841947007163892636e+01 2.598621836937866192e+02
1.788327938877585893e+03 2.566450899890489836e+02 -5.224754817878517770e+02
-2.411917419411088019e+02 -6.511763668872764583e+02 4.056814759890748689e+01
-1.347222625342285937e+03 3.498765887927009999e+02 3.569489427987496697e+02
-3.852260473231891069e+01 -1.377852060265104683e+03 -1.191976062550096003e+03
-5.838964024014317147e+02 3.878015091136296064e+02 -3.233784971118966496e+02
8.168783453238511356e+02 1.114074454539441604e+03 8.219052181606933800e+02
-3.021174131908775962e+03 1.052856056559248100e+04 4.124202288617901104e+03
1.026120093761608842e+02 1.005250268725150022e+03 1.247514929668152718e+03
-1.393843202043742622e+03 3.646859937719181630e+02 2.036656957837014374e+02
-9.552838684106798155e+02 -5.987598444987712583e+02 -1.072405412028321507e+03
-2.085066068992126276e+01 -3.155338321354316804e+02 9.239000332507413304e+02
9.521113040831220360e+02 7.917100792003247989e+02 1.197539572787528783e+02
1.168715325598305071e+03 -4.195587539696161912e+02 -2.655012750895803038e+02
-7.050871627664066636e+02 2.733662374901849716e+02 5.972150769555117904e+02
-4.892358532207071562e+02 1.844090487481481091e+02 -4.672618662645998597e+02
-1.705206022669505046e+03 1.549938669526797526e+02 -1.055812637642713270e+02
1.112624148500872025e+03 -5.431127676814618326e+02 1.239571850324953402e+03
7.933311118632105945e+02 -1.397593420542247884e+02 -1.157537528198567088e+03
-8.591095094113745745e+02 2.174255687834180151e+02 2.310895186541878275e+02
9.685591135205392277e+01 -1.969875720181854604e+02 -7.101184699696149210e+02
6.502506771948059168e+02 -1.203463539071597950e+02 4.321164944435788584e+02
8.220130535660941860e+02 1.560507507013528766e+03 1.732083803058796079e+01
-3.073386605875181203e+02 -2.601851350812825672e+02 -1.542215024234815530e+02
-5.460966506716672484e+02 7.936640126652433764e+02 4.577197828596707723e+02
-1.097407219472507904e+03 -2.647871345251965067e+02 -1.146804028183837687e+02
5.350774045014919693e+02 -4.331482465628980663e+02 -5.449650435419711130e+02
6.240609788315903188e+02 7.139389978861299824e+02 6.708792385865434653e+02
-9.485407786793706464e+02 7.872246431273620146e+02 2.879105542339216299e+02
2.604994879481289445e+02 -1.299832029889298610e+03 3.637852584682634642e+02
1.258260674801430667e+02 6.501549104440161386e+01 -7.864310009863945652e+02
-4.960703557382163353e+02 3.116139651411728551e+02 -6.167202521277747564e+02
-2.180710921312116284e+02 -7.152272633871517655e+02 4.797397968433233473e+02
4.200818678529037697e+02 1.116007751483736001e+02 4.560183126158665345e+02
-4.348801957884885496e+02 -1.136020292612682994e+02 1.154258911331116053e+02
4.161801887209877577e+02 -4.254050192776799122e+02 -5.194566079016956337e+02
9.283540983448888255e+02 4.836163059124876895e+02 6.082570370032713072e+02
5.548816796979215269e+02 7.949012658235527624e+02 -1.597894617919638733e+02
2.835326654268732938e+01 -9.600819710481619040e+02 -2.373240228414522903e+02
-6.936193590165736396e+02 -4.139292617076552716e+01 2.680197272207681749e+02
2.949975485638433383e+02 -5.861296801220418047e+02 -9.249394740073602179e+02
4.968394319060893167e+02 3.587845671383626041e+02 -6.870699101746147619e+01
-6.521026439611493970e+02 -2.047553936120717992e+02 6.782827725538384129e+02
6.091142243241175720e+02 -5.186323991351425775e+02 3.210871638723840533e+02
5.579954869773921473e+02 7.872157047316786702e+02 3.436319608782080195e+02
-5.294562661208343570e+02 7.467318427167544996e+02 -5.220085224774736616e+02
4.978010093877055624e+02 -7.725304641213033392e+02 -4.784550623328175334e+02
1.257728101330518342e+02 5.509480789452799172e+02 9.644134968756175113e+02
-4.574286921661628185e+02 1.889636156614312199e+02 -5.667450648856018915e+02
-1.118359159945270676e+03 5.566393973637301542e+02 -3.160591417469613162e+01
5.589906596413595707e+02 2.033037390212166997e+02 1.047037491089750176e+02
1.255208516245162684e+02 -7.986757783131729411e+02 1.901317871627767175e+01
-6.177718533545486252e+02 3.583241943413464696e+02 -7.529821005234100539e+02
-2.980569205525768552e+02 -6.745757194997552233e+02 1.004979629163736945e+03
8.604332171973942422e+02 -5.352855492718511243e+01 -1.414297456895360767e+02
2.921491704356357104e+02 -3.514412264335044256e+02 1.141216271581132332e+03
-6.307572934799891300e+02 -1.309847495214989124e+02 -2.894895697311020513e+02
3.721661448384567166e+02 2.995531184867056140e+02 -6.423936875767562924e+02
-7.521605030411434427e+02 -4.456081137792690470e+02 2.022060757856957025e+01
1.273538301293611767e+03 -1.580316259861582466e+02 -5.730922618724998756e+02
-2.221185616092386681e+02 5.726145030723220088e+02 4.147795402388907746e+02
1.603283479137403674e+03 7.182406326847903983e+02 9.784405343040169782e+02
-3.804911031609253769e+02 -1.418533665645526526e+03 -3.309643507191103708e+02
-8.378526887652498090e+02 1.311697308556301778e+03 -2.896214104223510049e+02
-1.547556720348963836e+03 -3.464315714011747360e+01 -1.590191150417946119e+03
5.093936573685355143e+02 -4.445035933420233505e+02 -3.305001128774162567e+02
-2.343953915823043488e+01 -6.507963721360777072e+02 1.216058531536745249e+03
-5.948255975627791940e+02 1.013629232467046791e+03 -1.723414878925023856e+02
-9.943009985429665676e+01 -9.167266948555749195e+02 -3.906980801286677973e+01
6.375807322385999214e+02 3.391474349879601391e+02 4.421313508204098071e+02
-1.001525822939598697e+03 -1.783504337652869083e+02 5.083420952927205008e+02
5.215421250395773995e+02 -6.531447188068975720e+02 1.054619962973078202e+02
5.396976433235604418e+02 1.018276712674491023e+03 -3.696177812593362546e+02
-8.767534745236969229e+02 -5.624104031247150033e+02 9.959142910556354309e+02
7.916091031250564356e+02 9.525146813644640815e+02 -1.607724616164273073e+02
-2.747800012848912843e+02 2.656303774573488568e+02 -9.635781433198749255e+02
-1.361525886236729775e+03 -2.265247538706995840e+02 -3.057381827670183725e+02
4.848496068600957756e+02 1.270234327944455544e+02 -5.678279133484948034e+02
5.203100892079003188e+02 2.634999758194582569e+02 7.330310457282425887e+02
-1.184655130125901451e+03 4.493740835371636990e+02 -5.990218205729961483e+02
8.556559537730013290e+02 3.937591248435316515e+02 1.311356005168648835e+02
1.031210213104114217e+02 -1.035132622715040497e+03 6.690286529082191009e+02
2.618366945840660378e+02 -7.346173765453504529e+02 1.079503144545881014e+03
1.724319372436526123e+02 8.767683760668260220e+02 -6.176265209554079547e+02
-4.661718174755933433e+02 -1.046717018989207872e+02 -6.303615680755366384e+02
1.325722130214965375e+02 -4.528042211868984737e+02 6.626648088066676792e+02
-6.792986749214505835e+02 3.022722724312309310e+02 -3.629431517215525673e+02
6.896559193194206046e+02 1.155015277492683765e+02 -3.585186870173003513e+02
-7.490763769214453305e+02 3.596738994726563874e+02 5.955747212054688333e+01
3.908571904454518062e+02 -2.348303439958010017e+02 -1.002048341195733769e+03
4.933474275596432221e+02 -9.341996184323162922e+00 7.606322277840972674e+02
-3.486937583078993157e+02 6.116755952975807986e+02 -6.220506547675433922e+02
7.735047202756213665e+02 -2.248505290089723303e+02 1.480170956790890955e+02
-8.593936359286044535e+02 -3.994678860342521176e+01 6.479462106905410224e+01
-6.647762328822284417e+02 -2.589904022093558069e+02 7.737667335639206385e+02
-3.842402566545391096e+02 7.018330893619895505e+02 -6.454617697634540718e+02
1.146512065122657532e+03 -5.644717669850755328e+02 1.111379321262558051e+02
2.796585897888429599e+02 -5.269012603139627799e+02 -8.535500768490326209e+02
6.268171838407282621e+02 1.836264244440416249e+01 5.156517910079871854e+02
-8.031464516284665933e+02 2.630093391405429202e+02 8.408684608462463927e+01
-6.600385549864641321e-01 -1.075892329391575117e+02 -7.421447693432777442e+02
9.950493783674721726e+01 -7.103238188037947793e+02 4.098623864901944671e+02
-2.832297539374774260e+02 6.887642935095590246e+02 4.890008755395064100e+02
-4.682444851451643899e+02 -1.867252277705399365e+03 5.584009915551868062e+02
6.106665318751872746e+02 -3.178166227690934988e+02 1.663649868837009365e+02
5.590159793433676327e+01 -1.002258571837176930e+02 -5.966619227868911821e+02
-8.524971683063944283e+02 3.342575673958195921e+02 -1.039842489336040899e+03
-2.762742157070857161e+02 -1.628542362868523981e+02 6.559971289301535080e+02
8.596961347627964187e+02 -2.821774619865317959e+02 -4.947323031208397737e+01
-7.288071012780781075e+02 -1.098172704791045817e+03 -7.352983299321978166e+02
9.911073328903620450e+02 4.252971997661106798e+02 7.881097114708888967e+02
-2.995691906933263340e+02 5.823151928928591587e+02 -5.342765756319306547e+01
-2.900059027947569348e+02 3.168753447862633266e+02 -1.842111588475097221e+02
2.985129227632475022e+02 3.327909584465982107e+02 6.523097668226284895e+02
3.067325998212264722e+02 -6.140850175703141076e+02 -3.750457948488840429e+02
7.222226859365753171e+02 3.054688585342170882e+03 -3.835166771534546797e+02
-2.642930805207834624e+02 -4.316258131081756346e+02 6.532450521826007162e+02
-3.751757707414150218e+02 -2.019132746866248169e+02 -5.394190472280747599e+02
3.290328942663472844e+01 -9.640117923311541404e+01 1.157958927628456422e+03
4.598282269802669475e+02 1.180238275800188603e+03 -5.092042585904034695e+02
-3.857663809358712115e+02 -1.250113355543024682e+03 -3.914435270120642940e+02
-7.967056106185846147e+02 7.098965312761088171e+02 -1.733643399031870445e+02
6.482959281558408975e+02 -5.001160806825632221e+01 -6.124444002063901280e+02
6.645222821244158240e+01 -8.184083135955610260e+02 1.085404942370909566e+03
-1.411168480124667894e+03 7.116784806648881556e+01 2.618009468203130297e+01
-2.510281522527042952e+01 -5.434039598610529538e+02 6.535748923651344739e+02
1.326263150850276133e+03 3.373405431007608399e+02 -1.875939974893887268e+02
2.996249285156358724e+02 -1.096234667675076025e+03 -8.286448720022205805e+01
5.530547747445205005e+02 5.960156670054371943e+02 6.118600217913110484e+00
-3.386039773155505941e+02 7.028668090499144228e+01 1.436777400939002973e+02
-4.359153299062039650e+02 -5.894092953388220621e+02 9.534661099973776643e+00
3.168058613017057610e+02 4.257739737711477801e+01 -7.076049052095734169e+02
-1.335291063076972584e+01 5.239545203226585954e+02 7.661283710432127236e+02
1.388926117449636308e+02 7.791267877394137713e+02 -8.049647830393442405e+01
4.518262592845661629e+02 -4.945755211239801383e+02 -2.592222495510058025e+02
-6.175277186785739332e+02 -3.074107534410514404e+02 5.963969560268856185e+02
-9.555056602031924058e+02 -1.486972686203572266e+03 -6.856053096121855788e+02
1.135359554156870672e+03 5.389776270789426462e+02 3.230501046050187028e+02
-5.220098512580962051e+02 1.067310910432081300e+03 5.657751713752096521e+02
-8.742923382004431687e+02 -9.841676018236897789e+02 1.817097008682004002e+02
-9.050458422822545401e+01 7.099391379143619361e+02 3.448364645585384096e+02
1.302089675024210237e+03 2.523344522474720009e+02 -8.666285460252321400e+02
-2.061959227956963787e+03 -1.641503350729267595e+03 2.130114928270748464e+02
8.798135738197107685e+02 -3.863973984772532049e+02 -4.621260810862268045e+02
3.615023989903567667e+02 4.410698976958535695e+02 1.133598643624671013e+03
-8.355252865685995403e+02 3.133158565268453231e+02 -1.361729230114980510e+03
-4.728211600282245399e+02 -3.835584997726987808e+02 7.834848544375164465e+02
-6.695348452938073933e+02 6.959429469354192861e+02 1.314788231686996141e+03
-8.808334963559551056e+01 1.051680684768945412e+03 -3.505497254930753570e+02
-4.970475271883044570e+02 -5.825546256923313422e+02 5.260880001479579278e+02
4.223739810847076797e+02 -5.312744424660641016e+02 -1.970437835513699838e+02
5.504362071783814372e+02 -5.062942167284652442e+02 -1.018220240379574193e+03
-6.556906851667170031e+02 -4.204149959796085341e+02 -9.737645443897251596e+01
7.144535520049092270e+01 6.700546559111248826e+02 1.029822926351222577e+03
-4.783613399601937886e+02 -3.088532241815760813e+02 -1.456638493398582341e+03
1.037696317631719467e+03 1.130915251368812591e+02 4.123092093639183418e+02
-6.527005924923554403e+02 2.271602490832630110e+02 3.571168399296342386e+02
-2.936947957728764322e+02 -1.229743573453173667e+03 -6.825211901645718626e+02
-5.924106116505619184e+02 9.993461301871132036e+02 3.176338485117192931e+02
7.623656058969042988e+02 1.996211353864398461e+02 1.026679616563538104e+02
-4.163386509385028944e+02 -1.479258519568473957e+03 7.921009064825624613e+00
7.326400869088008676e+02 7.710017134370547183e+02 -7.055355339408888540e+02
-5.712863099756748397e+02 1.690636011648798842e+02 6.093987500570550537e+02
-1.617648703173043430e+02 -1.125119730431729295e+03 1.235978416704802612e+03
-3.145059400531644656e+02 -1.134976975338723406e+02 -1.083738078502929056e+03
3.389791062612461019e+02 9.162425643855027602e+02 3.905970536625872569e+02
-4.990296519398571036e+02 4.675616849554693317e+02 -3.725938001504973727e+02
-4.736112025728949106e+02 5.614081495954281991e+02 3.202911892625371024e+02
9.200770693773577023e+02 -1.008899574785368259e+03 4.296536060127027099e+02
-5.804339073751972364e+02 8.638412009652041661e+02 -3.456772083888197500e+01
9.394094685315619699e+02 -2.543335977939121904e+02 -6.551643398539545160e+01
-2.338032049848033296e+02 -5.906734237688534677e+02 1.676498202199197749e+02
1.607193526695667242e+04 1.639749174540297417e+03 -8.174888291979178575e+03
3.082672312030704688e+03 2.200784165947465681e+03 -1.678779493091850327e+03
1.000252763258283267e+03 4.089423506287790246e+02 -6.397786329371056127e+02
-1.544754812710135411e+04 -2.694460096183178393e+03 6.869223494400706841e+03
-2.713749744133117929e+03 -6.933135305559596873e+01 1.551111485577417852e+03
-2.035541598830428484e+03 -1.312448711224581530e+03 2.221272312878217235e+03
5.239965124881908878e+02 2.779955064893926533e+02 -9.697965060827118577e+02
-7.228129081861020495e+02 -4.305131566858122483e+02 1.407842524876698462e+02
3.459436441951759207e+02 4.186762165404688858e+02 7.744149626185776469e+02
-1.394411185912059352e+02 -6.405840875635657312e+02 8.396640752151201923e+02
7.196675001344328848e+02 -3.323465634640089661e+02 -6.832894097703590433e+02
-3.814320277169646261e+02 6.592952680422172307e+02 -3.636975222284713709e+02
-4.136838451606804483e+02 -8.426614568748350393e+02 1.101401042013689448e+03
6.543321977006370389e+02 1.187570491114643119e+02 -1.912175196427844526e+02
-5.544614959748018634e+01 9.975091407483510011e+02 -3.661731042774305251e+02
-7.432062623375700241e+02 -8.439463637176328348e+02 9.152851835582231388e+02
7.508641706303794763e+02 4.025029252192086346e+02 -1.046400662037010079e+03
8.080073220084862839e+01 1.090287638325115495e+03 -1.594246893938752585e+01
-6.377866986646581609e+02 -1.412839611631679418e+03 -5.152693119338518954e+02
8.245886755881798535e+02 1.089112892454975054e+03 1.649513144269074587e+02
-2.503716172622134195e+02 4.215687692086333982e+02 5.037609697300410403e+02
-1.586934920921576349e+03 -1.216761164779318733e+03 -6.844150772561411031e+02
-1.633641771702196479e+02 1.916165031170288273e+02 4.558166325663920588e+02
1.069873587126767461e+03 1.891673909036572070e+02 -1.026827521586720735e+02
-8.932987554946022328e+02 -3.653128598898380233e+02 1.578563024884567199e+02
7.818198893656045811e+02 -1.521851179856287217e+02 4.643095197003679573e+02
4.903425980862995175e+02 5.660697029660486805e+02 -9.348042259937747076e+02
7.369738314019989502e+02 -4.260373328847778112e+02 6.411063912213349170e+01
-1.175231904650394057e+02 1.249797018321493397e+03 -5.681883090272845038e+01
-5.405255728597804818e+02 -3.895711438146634009e+02 2.982603812423571412e+02
-4.838323216652976271e+02 -7.702913918599908811e+02 5.346941328647278624e+02
6.122371861646842035e+02 -4.716074309944280003e+02 7.959932599956998445e+01
5.429580192528149496e+01 1.221953505443803806e+03 -6.216633617022711178e+02
-8.979563270512371673e+02 -1.126883905774136139e+02 -3.278281369805322498e+01
5.281079185782282366e+02 -5.572321107733739609e+02 3.094787227672189260e+02
6.460032008227364031e+02 6.718312123305885279e+02 -4.069292903088451112e+02
-6.731175469745160171e+02 -2.400885183241133802e+02 -2.986471861502024581e+02
3.092673751296313753e+02 7.290180421154797159e+02 -1.611756056358644855e+02
3.530174004394307303e+02 -3.706403477726879601e+02 6.214953324478124159e+02
